50
7 6 20 25 44 21 14 1 21 10 5 22 21 3 21 32 34 11 48 30 40 46 37 15 4 47 32 37 9 24 8 17 30 30 42 25 4 8 28 25 21 35 47 42 38 20 26 25 31 24 
5 24 22 45 39 27 44 23 14 4 47 24 21 30 5 15 7 9 26 35 36 47 23 33 41 13 4 19 38 35 44 46 11 16 41 3 45 37 26 9 41 26 34 14 6 41 32 13 0 8 
0 36 7 25 21 0 39 25 19 29 13 15 25 26 34 18 29 29 6 6 39 49 32 25 14 40 16 48 3 16 8 5 4 17 31 25 17 22 3 36 1 18 2 29 44 36 49 24 15 5 
32 6 5 16 31 21 6 47 21 11 15 29 18 21 46 1 49 13 23 2 1 27 22 3 8 16 39 7 42 7 15 26 13 20 42 47 43 0 46 14 11 12 45 32 35 41 33 34 6 9 
36 7 38 10 13 46 27 4 5 21 11 20 48 27 42 42 24 35 43 22 1 6 34 48 38 20 41 22 4 47 33 43 7 21 3 20 19 32 24 24 4 38 45 4 15 37 46 41 25 41 
13 28 48 0 27 36 22 18 10 28 16 45 21 25 16 27 45 35 11 21 12 15 9 7 21 26 46 20 19 21 11 35 2 9 37 29 48 9 47 10 37 15 6 11 40 24 40 37 12 1 
9 24 19 20 31 40 49 29 10 20 3 24 5 5 33 42 34 33 3 31 44 43 47 2 6 39 26 46 27 38 49 38 12 18 10 45 11 9 25 23 30 28 47 37 33 33 32 19 16 35 
0 12 30 49 14 36 41 43 34 18 33 36 8 48 6 18 43 17 30 20 43 10 0 40 49 35 25 31 4 42 19 7 6 1 8 21 40 49 16 24 19 49 12 27 47 19 46 43 36 28 
15 31 38 16 24 39 1 49 21 8 41 42 17 0 43 25 23 33 25 39 10 44 40 22 24 40 41 22 35 30 0 0 13 40 16 37 29 20 37 0 30 30 44 47 30 38 22 3 23 49 
44 33 44 35 8 18 27 1 40 12 33 42 12 47 32 31 34 11 3 23 14 33 4 8 32 36 48 4 42 22 4 36 7 0 23 15 20 0 17 12 14 0 4 27 49 36 10 36 49 13 
9 13 48 13 22 30 2 20 36 44 44 42 30 2 44 6 17 14 6 36 28 23 39 32 0 38 20 12 24 20 27 36 33 25 1 7 7 3 30 45 47 24 38 30 26 32 36 46 49 44 
32 27 17 23 12 19 14 32 31 38 4 8 26 40 35 28 47 44 31 29 40 31 6 28 11 34 12 49 30 11 43 15 39 11 38 1 30 2 35 14 43 42 24 21 32 10 49 31 4 33 
13 44 14 19 24 27 3 37 26 34 48 21 1 39 32 41 40 15 46 28 31 41 20 5 12 4 15 12 37 22 45 0 16 11 19 43 40 23 30 18 9 30 39 12 20 24 3 10 41 49 
40 22 42 12 27 5 16 45 19 4 17 16 4 35 27 26 28 19 49 10 37 10 41 26 22 11 0 27 23 43 27 14 15 21 26 45 26 45 40 45 1 9 11 5 44 40 31 25 9 32 
37 46 42 28 25 16 39 27 44 15 21 23 29 38 44 7 33 23 2 25 18 3 34 32 11 31 22 44 6 34 29 43 32 23 24 7 40 15 37 34 30 8 7 11 48 3 19 32 26 23 
7 47 29 44 29 42 25 1 36 33 37 15 26 20 39 2 27 31 18 16 15 48 24 24 10 23 29 31 7 6 4 16 3 35 10 34 27 35 37 14 18 25 31 47 45 22 49 24 5 19 
41 22 20 17 48 30 42 28 13 49 36 19 16 41 5 28 25 32 14 12 48 32 39 32 31 36 6 33 11 12 2 4 34 22 23 33 4 16 11 17 17 49 37 35 40 44 14 17 28 30 
29 29 12 21 11 46 7 17 29 20 31 31 24 16 6 0 1 10 18 14 28 37 13 17 23 5 13 39 22 41 19 3 20 33 24 33 31 32 3 10 2 34 42 29 2 48 29 3 10 47 
17 40 34 30 9 9 35 22 48 9 14 19 13 36 5 37 20 36 21 23 47 24 7 41 3 12 41 34 15 1 31 33 44 17 15 3 27 3 26 27 12 42 49 27 30 4 15 0 42 36 
25 41 12 35 32 17 47 25 1 12 29 32 47 23 0 15 26 29 18 4 8 32 48 7 10 29 13 27 31 6 15 9 47 28 44 32 47 43 9 49 7 38 31 5 13 33 20 42 14 40 
46 23 24 47 32 34 26 46 13 9 4 29 18 1 9 12 35 8 7 45 7 15 35 41 20 49 24 42 41 41 34 39 14 8 36 46 43 12 44 8 22 48 39 42 2 0 7 37 9 14 
34 16 29 20 7 1 19 34 43 12 25 29 1 41 38 38 39 33 0 34 41 24 32 31 17 36 33 24 24 42 40 10 11 20 30 18 21 1 4 17 15 29 46 17 22 34 5 12 17 7 
48 11 34 32 44 3 19 27 29 45 22 19 5 33 41 38 3 13 41 8 32 7 39 28 24 12 15 31 26 34 40 24 45 24 6 41 29 25 19 8 22 41 30 28 26 21 18 29 34 9 
37 18 16 27 47 42 39 12 25 17 46 16 41 44 42 47 35 22 25 6 32 47 49 12 27 25 34 45 5 20 7 44 39 23 21 38 18 12 0 43 29 48 11 22 44 4 20 30 26 47 
38 8 46 38 21 24 13 7 21 20 29 28 15 18 4 38 6 22 3 8 17 34 9 29 7 5 33 29 37 11 28 26 19 24 14 42 0 29 49 22 2 29 2 19 49 6 7 8 30 12 
18 48 47 29 29 6 35 14 35 22 25 13 0 44 39 16 39 40 46 38 14 0 19 16 19 21 23 28 31 5 41 49 3 40 31 34 46 16 48 33 40 23 48 43 20 39 9 9 29 5 
49 45 7 21 12 26 44 37 5 25 42 48 24 48 40 7 34 38 25 33 21 16 8 21 11 28 10 20 39 42 28 41 37 35 12 1 12 6 40 19 33 33 17 9 33 9 17 17 47 42 
2 20 10 11 41 21 41 3 42 31 47 20 24 35 5 38 38 19 46 29 38 29 14 7 38 49 16 5 16 15 0 21 35 10 32 28 32 23 34 26 6 31 48 30 18 3 20 7 25 16 
38 15 45 4 23 36 3 41 43 21 9 43 42 44 4 26 25 38 0 9 16 8 42 14 41 11 17 11 20 44 28 10 10 25 14 35 11 17 28 5 38 37 0 33 34 4 9 9 44 11 
20 10 20 12 24 13 25 44 24 45 38 4 5 0 32 19 35 45 38 14 2 29 1 3 12 35 9 23 46 4 35 16 16 7 31 43 20 6 37 44 4 27 1 11 30 33 33 15 30 21 
31 33 2 35 36 16 20 45 40 19 1 25 37 20 32 18 13 2 27 2 48 33 31 1 46 11 36 29 29 17 3 10 0 5 45 38 24 18 33 14 37 37 39 26 7 23 47 22 27 24 
24 27 9 5 29 5 17 15 35 46 32 40 8 34 47 4 22 21 22 8 35 11 45 26 37 4 1 34 26 28 10 0 8 19 7 37 27 26 4 12 24 39 4 33 23 1 39 48 23 13 
6 10 24 3 37 13 7 38 0 35 19 12 35 27 32 44 16 9 21 20 23 45 9 27 30 35 30 19 33 3 32 41 14 8 44 3 24 3 43 24 38 12 36 25 41 20 19 7 31 40 
30 4 38 39 33 20 26 14 40 11 19 24 2 33 35 46 38 9 1 32 33 39 44 21 14 38 44 36 45 25 26 25 32 16 17 15 37 43 31 29 7 1 5 9 36 40 8 25 49 9 
7 34 1 3 8 17 41 2 3 39 27 30 16 9 48 35 27 37 31 8 16 38 11 22 47 48 14 7 25 14 19 32 48 20 37 6 37 31 10 41 22 38 23 38 49 21 24 26 11 5 
37 29 45 48 1 42 48 16 2 23 32 21 7 32 41 47 41 30 30 1 21 2 39 44 42 41 18 18 17 31 25 6 10 20 5 14 15 5 32 17 31 14 38 38 46 31 37 39 11 17 
41 33 19 32 29 14 23 49 32 41 30 8 47 41 28 4 5 43 12 37 12 43 3 0 33 49 33 21 39 45 40 32 30 12 14 9 26 38 11 8 31 41 16 30 34 47 37 41 42 49 
28 5 42 33 7 25 35 41 48 24 36 39 8 16 1 22 27 29 12 38 37 45 30 6 26 16 5 13 8 47 12 38 4 6 22 12 31 7 3 32 33 41 21 41 9 24 15 36 3 28 
27 42 23 9 0 1 25 7 14 33 5 28 22 11 34 44 23 18 3 28 0 36 21 23 27 30 47 42 19 2 22 46 46 48 7 49 49 32 6 16 18 13 46 42 25 31 38 0 1 41 
29 1 27 2 26 6 33 25 0 4 27 23 2 25 23 9 24 24 41 31 40 11 46 37 3 21 20 41 22 21 32 3 24 9 5 0 17 40 25 18 46 4 43 48 29 16 7 6 42 1 
39 35 12 35 24 16 9 44 9 31 17 42 36 41 3 43 41 21 36 18 41 32 22 34 31 3 2 40 9 46 43 48 31 6 36 5 24 45 49 33 28 18 27 14 9 33 9 2 4 45 
20 47 28 44 33 11 48 37 1 7 33 45 8 15 3 44 20 27 41 22 12 19 42 42 35 2 25 44 6 31 40 29 28 18 23 11 29 23 48 32 33 31 27 41 48 32 37 21 11 28 
45 24 47 37 16 32 41 43 28 48 24 18 29 2 38 4 15 17 28 15 0 11 48 29 2 47 12 41 20 23 19 15 49 18 2 17 2 44 10 30 42 36 49 23 40 37 27 5 7 5 
22 9 16 21 40 20 20 4 11 40 30 32 5 29 0 7 49 2 1 11 35 45 48 34 18 38 23 46 46 32 3 18 41 20 41 34 42 11 38 6 1 18 38 8 0 41 16 49 45 19 
10 30 17 10 16 35 1 40 33 47 24 37 17 16 9 9 2 3 22 40 9 26 9 0 34 9 43 0 10 38 22 22 19 39 33 35 26 34 27 12 33 4 49 2 22 10 13 24 13 36 
14 25 12 25 27 46 36 20 49 46 8 21 21 29 12 4 17 38 40 46 0 25 0 1 27 22 13 41 46 29 27 13 4 41 38 33 37 27 3 38 25 13 11 46 43 23 2 10 14 42 
8 14 17 9 18 47 31 31 38 30 10 17 43 16 8 33 1 47 10 4 36 36 18 47 34 13 23 37 25 37 31 33 3 1 42 21 48 26 5 38 6 17 5 49 36 15 32 37 12 45 
42 0 31 12 48 17 27 23 6 2 10 38 35 13 39 30 35 39 6 40 27 12 9 34 13 45 49 45 33 11 40 27 14 23 41 12 43 18 35 49 20 47 37 7 10 28 37 47 19 43 
39 46 7 49 32 20 44 31 18 27 45 10 4 9 34 45 23 27 15 10 28 35 7 16 45 19 46 32 17 16 28 6 14 37 5 47 8 2 30 28 29 27 38 36 38 24 33 11 3 49 
23 32 36 32 48 31 4 44 14 21 12 44 29 27 31 37 26 41 39 6 19 20 34 8 8 22 32 42 36 36 41 11 18 29 44 18 11 48 14 27 21 27 21 2 4 2 39 30 44 30 
