100
37 70 94 98 75 94 70 97 36 21 64 56 36 31 50 19 99 83 92 70 81 19 46 50 45 51 61 72 90 28 94 27 98 41 77 25 35 47 22 23 21 39 79 57 70 30 28 22 13 72 92 46 91 90 48 88 42 10 13 32 38 59 11 88 0 40 13 36 40 88 11 61 27 43 70 49 25 99 71 90 23 64 36 67 54 37 55 48 47 20 32 37 80 43 25 80 36 90 68 76 
78 80 37 57 75 7 7 0 58 30 90 34 94 78 1 1 15 8 49 14 29 34 3 61 77 80 93 65 71 62 41 49 94 30 59 69 38 18 21 48 48 11 82 95 89 35 96 57 44 97 71 25 31 27 38 61 7 31 26 78 45 20 80 39 50 39 60 40 57 81 89 57 44 23 52 86 59 0 95 55 98 18 80 81 45 18 94 53 1 73 31 47 93 63 38 95 54 99 36 11 
32 77 69 29 0 73 67 59 74 62 14 24 80 46 57 26 16 52 79 70 25 62 17 70 78 55 65 32 6 1 44 91 30 65 72 31 90 39 42 64 1 9 40 33 7 98 59 24 50 90 94 75 5 63 97 83 70 62 15 77 16 11 20 46 28 92 29 19 83 72 83 36 33 24 69 40 74 81 16 24 23 10 51 28 25 48 63 96 62 79 73 78 42 45 77 71 89 6 90 72 
30 25 60 63 1 29 56 75 62 72 99 38 35 2 66 60 50 82 56 65 61 81 43 55 26 20 26 67 79 16 39 9 42 99 25 43 81 81 19 95 5 70 33 40 73 52 1 75 34 9 40 47 43 36 2 69 8 29 89 87 97 28 49 39 80 74 35 13 7 6 8 64 28 94 5 53 98 58 81 32 19 21 31 62 9 85 32 18 66 21 57 16 1 6 7 33 32 42 46 91 
0 7 56 29 53 61 82 51 71 63 35 90 37 18 53 46 55 37 16 22 10 74 38 63 80 45 97 13 40 95 56 40 54 12 69 59 25 4 10 96 67 97 39 4 67 44 3 23 81 19 97 91 93 35 6 74 32 3 39 24 51 95 65 5 60 86 17 85 90 27 34 10 77 25 14 44 69 17 67 50 89 64 93 82 51 99 8 36 55 99 60 6 47 77 63 7 16 80 44 58 
60 78 68 37 55 83 33 24 52 53 26 41 69 19 76 73 71 84 9 26 84 21 84 83 51 47 90 67 80 34 25 40 65 94 29 20 29 62 45 33 67 23 75 37 43 3 10 66 39 71 92 75 92 28 58 43 75 48 62 55 35 88 47 0 34 76 20 63 91 17 96 58 41 23 95 36 78 57 2 18 28 46 93 73 74 52 68 1 52 31 9 87 71 56 87 5 33 60 68 24 
29 16 34 22 92 82 10 70 39 64 88 20 62 82 93 36 86 61 90 38 92 99 26 63 7 65 20 92 25 88 68 7 57 3 29 49 85 92 71 76 56 60 96 19 94 89 7 80 51 49 70 95 48 48 11 8 14 31 0 91 72 69 50 81 24 32 82 9 24 53 85 80 13 82 51 59 23 59 91 26 8 62 22 9 62 85 69 76 68 69 20 40 90 70 21 14 2 3 23 26 
9 61 59 74 95 62 34 18 21 25 45 82 39 19 43 2 56 12 30 24 33 50 65 24 21 38 38 75 94 14 54 55 75 13 29 70 75 63 40 49 41 37 83 80 56 78 34 64 42 65 89 75 67 6 51 88 96 90 16 42 4 70 97 31 35 27 53 62 90 93 63 83 31 46 16 39 76 50 4 18 67 45 46 35 51 97 75 47 87 43 90 43 13 87 74 48 66 27 63 9 
73 26 92 4 73 8 95 1 11 99 20 30 44 66 17 47 63 45 95 3 88 37 46 2 76 73 2 43 0 65 52 25 44 96 29 69 57 25 70 20 76 90 50 73 8 68 20 24 13 67 27 53 56 25 7 33 98 10 76 51 27 80 76 71 76 58 40 85 83 63 5 11 53 56 36 14 76 57 38 41 76 65 94 33 42 2 66 41 64 94 92 43 26 20 15 54 78 7 40 13 
70 45 25 76 1 13 90 29 22 80 70 99 97 65 32 39 19 50 80 83 96 24 26 22 45 93 28 75 53 68 89 23 14 66 51 67 79 93 97 2 73 67 53 70 84 37 10 55 87 42 38 35 19 17 9 16 62 37 91 15 58 32 91 72 98 42 91 30 36 88 32 9 8 85 32 44 74 94 0 61 88 90 48 7 59 9 75 22 46 67 89 56 99 80 28 50 23 72 80 11 
12 64 72 72 49 56 17 23 50 69 36 91 11 36 98 71 45 74 45 43 93 34 0 44 67 80 94 42 52 74 53 65 38 77 37 39 34 6 14 36 27 2 27 39 90 78 62 35 4 7 31 97 93 31 93 12 63 88 54 16 14 59 33 5 37 22 96 23 81 11 59 8 65 39 99 56 17 61 43 21 20 74 18 14 5 11 26 69 51 33 37 66 92 22 23 81 96 19 4 77 
30 16 38 48 55 37 4 72 99 47 93 19 22 63 85 79 26 64 0 30 97 89 96 41 11 19 23 8 90 79 37 21 95 27 69 50 65 25 74 16 72 67 87 46 82 73 26 61 89 78 91 86 68 39 27 79 10 2 39 0 82 29 73 77 56 94 80 73 19 54 89 44 74 29 90 8 54 68 69 43 47 60 81 15 99 60 94 61 63 86 62 45 67 35 74 23 30 54 49 49 
61 90 93 35 19 36 43 73 4 13 16 51 25 49 66 77 10 13 38 73 99 0 70 66 88 44 41 70 51 90 71 12 81 17 47 52 53 42 26 57 7 94 9 33 44 27 62 6 40 0 79 91 53 1 9 93 45 51 63 48 93 34 60 26 51 59 79 4 2 57 14 9 3 75 94 99 2 56 5 95 9 36 86 14 37 96 7 35 99 70 83 92 56 96 71 8 55 50 64 9 
59 78 71 62 5 65 62 8 74 67 55 83 4 41 97 93 89 56 28 88 26 64 81 34 60 4 42 67 54 59 77 13 89 48 27 95 65 89 55 39 9 10 74 65 51 23 58 41 79 39 81 57 55 14 92 67 18 86 34 72 45 11 37 87 11 65 82 77 6 37 68 15 99 95 32 2 18 91 95 50 82 77 59 89 91 3 56 10 42 90 34 87 54 24 74 17 41 8 94 47 
97 63 15 96 58 47 51 28 90 46 30 72 23 42 13 67 45 69 77 87 12 63 27 18 87 53 35 28 14 30 28 63 45 43 60 55 90 63 35 81 9 18 5 85 60 19 52 57 40 81 97 52 44 76 70 84 81 58 64 95 88 92 59 85 35 71 92 26 34 27 59 95 45 16 80 57 35 32 15 76 65 12 80 10 40 3 46 21 61 10 17 49 3 28 86 38 99 78 16 85 
5 27 80 3 44 13 60 31 97 27 7 63 91 40 25 31 43 71 53 4 33 70 5 36 50 91 27 1 21 95 86 78 23 18 81 19 31 94 50 29 21 10 44 13 50 69 44 93 92 97 97 25 19 54 62 21 45 41 22 66 36 60 44 11 79 78 82 62 72 33 43 45 43 87 10 45 8 55 38 0 4 87 26 76 41 40 97 38 81 72 56 69 32 0 33 63 30 15 78 54 
0 21 0 95 61 62 40 21 69 78 22 74 17 0 2 58 40 51 96 73 75 52 94 8 5 27 23 87 95 1 42 47 75 94 43 88 56 35 9 26 14 31 52 83 31 6 42 23 9 90 96 85 95 91 45 52 70 68 39 17 70 33 17 97 79 12 85 88 47 94 14 13 26 18 97 9 76 39 33 85 81 81 22 28 24 67 80 47 36 72 16 58 5 33 55 85 45 40 73 93 
34 39 6 12 9 55 74 37 94 59 74 28 40 97 56 17 64 89 64 0 61 80 10 18 66 65 55 63 57 80 56 44 71 15 8 80 70 82 69 17 41 44 97 34 41 53 51 5 42 67 58 55 47 68 74 65 86 29 29 95 10 37 39 81 4 48 14 27 82 83 44 24 27 41 10 68 46 61 26 41 28 84 96 27 4 70 45 42 0 74 38 62 63 77 43 68 77 57 95 60 
93 91 36 20 84 98 41 30 59 67 23 39 3 20 18 59 90 63 2 42 89 92 4 53 69 0 21 99 57 68 11 50 11 99 23 95 97 64 77 8 83 1 47 38 73 17 97 63 81 51 58 70 43 62 23 13 62 96 64 72 16 27 74 27 26 97 74 23 13 4 83 96 5 30 34 78 99 84 93 80 35 51 3 79 66 78 44 80 75 8 52 43 35 27 23 13 76 97 88 42 
1 71 38 58 53 25 88 52 9 82 33 96 85 88 75 3 66 19 84 93 79 88 37 66 15 60 79 44 9 19 86 11 90 76 21 95 53 10 48 14 44 33 11 81 21 86 85 87 58 69 81 89 57 70 56 25 82 87 21 91 7 59 54 49 35 76 45 41 38 45 55 82 30 66 15 3 5 0 90 63 21 23 52 31 45 60 8 27 48 81 19 7 40 73 8 27 1 5 68 39 
50 24 73 32 90 41 35 95 93 78 10 15 53 63 98 99 75 58 26 75 39 97 82 79 23 43 58 24 48 27 16 51 3 41 83 93 82 71 41 76 49 3 43 2 18 93 53 94 51 80 69 90 29 4 21 52 47 31 29 47 58 97 98 61 38 34 7 73 5 0 1 6 3 96 60 74 89 14 68 40 46 37 82 75 41 55 28 88 38 9 88 97 6 86 10 44 72 69 69 29 
21 22 35 77 18 48 51 7 62 19 99 8 8 33 35 50 40 15 90 79 24 78 28 30 17 90 27 41 12 48 71 85 71 58 14 89 6 65 49 20 36 0 80 97 86 16 99 26 83 41 57 8 72 37 90 89 80 17 30 44 18 53 29 89 64 44 30 70 61 79 43 50 32 23 47 18 91 46 96 75 87 6 83 59 43 73 0 75 43 83 19 61 88 1 50 52 45 80 23 58 
12 18 8 44 41 7 14 33 53 10 8 93 16 43 4 12 16 5 87 11 40 59 72 28 60 74 81 5 7 56 15 71 74 76 15 67 83 81 0 89 91 60 82 60 3 38 72 72 43 11 83 35 70 8 16 30 34 97 87 41 5 3 64 31 31 79 98 14 12 51 3 4 11 37 64 67 76 88 91 71 51 26 7 22 34 23 4 21 72 44 62 29 99 27 60 30 58 10 44 71 
61 0 27 25 37 43 44 13 83 35 85 34 61 44 8 48 67 65 69 91 9 83 20 8 62 32 90 73 42 34 96 56 86 23 81 24 18 77 37 1 12 74 87 25 18 48 73 37 13 94 28 22 30 48 82 92 80 24 17 75 10 13 31 97 88 12 21 58 89 58 11 53 85 99 78 3 47 4 41 60 50 69 34 80 70 68 25 2 92 42 77 2 8 8 99 48 72 72 7 13 
31 18 66 68 69 97 71 68 53 12 80 55 34 66 36 56 34 13 58 78 7 36 33 15 96 32 16 69 5 75 82 88 93 1 56 15 98 79 83 3 44 64 58 78 82 46 34 17 59 44 47 67 32 80 34 29 65 2 98 22 77 32 62 23 33 70 38 83 49 73 38 93 89 97 23 72 95 9 41 55 54 88 74 86 69 60 67 34 63 17 8 40 50 70 63 35 40 53 71 41 
27 9 35 68 58 10 40 54 20 81 61 26 22 87 64 91 47 32 77 62 49 85 3 51 55 18 87 47 72 58 88 51 19 75 19 30 86 12 36 58 45 97 84 67 36 48 58 83 80 87 46 82 72 1 33 79 19 20 78 43 30 67 46 2 42 66 32 80 30 68 38 75 17 22 43 53 23 53 88 3 41 86 37 65 87 71 97 59 43 75 54 74 94 1 28 37 19 60 17 49 
80 8 76 49 30 19 2 53 25 42 9 66 29 46 83 68 69 32 79 13 8 86 39 2 87 67 91 58 79 61 7 59 69 35 8 51 55 62 5 32 56 66 50 85 64 33 6 86 66 37 99 26 23 38 80 62 5 72 20 84 85 79 95 54 15 55 5 22 17 62 54 25 80 4 63 97 89 69 83 7 58 82 33 82 72 66 44 77 38 65 13 23 96 60 29 11 15 86 33 84 
49 39 9 81 43 72 78 33 93 61 92 52 95 26 86 67 92 30 96 82 47 61 57 44 21 38 55 88 24 41 72 25 80 34 7 76 6 37 61 0 51 53 4 46 31 90 66 75 20 14 57 20 76 66 64 49 4 71 38 81 64 62 6 97 96 65 73 55 3 86 55 54 39 11 52 71 1 18 98 73 33 56 93 61 74 9 62 31 33 52 12 49 15 18 46 63 84 71 18 39 
57 73 93 49 36 97 72 37 16 70 11 1 78 56 14 53 18 76 84 51 29 48 52 96 18 99 59 54 22 78 93 80 3 38 29 40 36 53 29 52 23 92 5 2 49 19 55 19 47 91 22 28 39 74 76 9 25 36 64 48 66 57 80 69 96 61 61 32 14 43 36 37 35 93 39 36 64 46 55 11 89 77 92 80 52 68 90 77 56 54 77 22 11 57 44 59 18 57 43 84 
0 31 22 36 24 13 72 88 60 80 52 49 57 96 82 61 64 72 91 21 26 68 95 89 78 39 1 48 97 44 33 49 76 55 85 0 20 10 41 32 90 45 82 99 41 64 61 5 88 52 78 14 72 26 55 50 65 56 99 14 1 32 64 29 39 1 29 59 63 22 92 5 67 26 5 8 42 66 66 82 70 96 96 42 22 3 93 40 60 92 6 61 76 22 42 15 24 71 26 39 
46 70 45 13 48 50 74 42 68 92 24 38 88 20 80 63 24 25 55 36 17 61 49 45 84 91 60 60 14 39 51 60 9 96 26 58 98 52 0 66 44 77 4 84 97 37 99 73 62 54 61 32 68 10 77 4 1 90 64 16 29 67 28 90 64 54 0 62 6 53 81 2 30 85 87 79 74 38 5 37 93 66 69 61 77 98 65 78 88 81 46 17 48 75 60 64 81 60 79 40 
13 60 94 43 97 81 75 72 20 80 9 65 46 30 26 23 28 43 54 17 76 0 86 24 27 46 41 61 59 20 1 72 32 95 68 29 29 43 1 1 75 10 18 21 92 96 45 21 39 51 90 15 3 28 91 31 27 84 44 86 56 45 10 88 92 30 18 73 25 19 26 0 82 44 74 26 92 19 99 31 22 89 98 25 70 42 56 97 26 0 35 35 97 97 23 42 28 41 67 5 
13 94 58 47 90 32 25 83 3 25 66 25 66 17 50 36 59 59 85 37 11 72 72 61 70 48 55 50 89 22 7 54 16 65 53 59 97 79 42 0 4 8 77 70 25 80 59 36 39 44 26 2 17 98 63 39 98 70 89 88 93 96 94 61 14 48 20 11 79 14 64 83 23 41 5 0 21 16 89 12 61 15 67 30 65 82 21 64 53 62 4 46 58 98 59 24 98 80 36 29 
94 52 64 69 45 70 22 19 86 11 31 99 78 50 81 95 33 2 59 86 64 15 84 75 66 43 99 64 23 87 46 70 39 10 91 37 80 13 56 19 76 39 18 54 90 52 50 23 54 61 61 71 77 45 46 43 88 97 59 64 85 5 34 76 16 25 13 48 91 21 19 67 61 90 74 3 42 76 78 96 37 39 19 66 84 65 61 72 15 73 36 0 78 22 28 46 0 94 47 91 
15 66 58 28 56 84 83 98 60 61 47 50 0 18 68 36 84 30 61 99 3 49 51 33 72 31 32 72 25 79 15 93 97 25 21 54 10 57 4 22 18 3 24 71 22 93 7 58 23 20 9 78 70 12 11 94 43 43 66 21 74 33 14 72 58 87 78 68 44 34 43 63 38 67 86 12 60 93 22 35 14 31 13 36 95 77 30 38 72 48 59 47 81 25 71 39 13 49 60 57 
83 3 72 73 70 58 37 83 4 59 18 70 42 84 6 37 61 36 76 33 36 87 32 17 13 3 56 78 4 16 35 40 71 60 13 94 18 3 77 74 62 47 44 57 31 2 94 44 90 22 30 26 62 14 43 75 18 52 53 74 20 40 14 92 0 80 38 71 83 15 97 97 14 94 54 98 96 49 42 87 23 24 65 85 39 9 12 9 13 17 83 33 10 98 77 10 78 15 33 13 
82 83 10 97 77 65 95 73 66 89 12 89 14 78 27 5 39 39 66 4 57 49 37 67 99 67 29 29 82 15 42 65 98 5 62 75 70 9 0 88 98 65 77 64 95 4 69 34 96 87 38 5 89 27 72 88 94 53 70 77 20 64 94 18 69 8 45 91 17 46 79 15 63 9 32 58 65 1 92 13 41 82 18 30 61 42 18 56 48 40 85 68 5 79 39 26 39 84 18 56 
82 49 23 45 10 55 3 28 9 47 41 50 81 60 80 43 54 50 51 2 91 36 71 48 67 10 74 6 46 44 14 29 46 37 26 56 93 82 84 2 29 78 4 63 90 84 58 44 34 9 47 25 97 70 25 16 32 0 74 78 44 88 7 90 77 86 99 22 68 35 76 97 13 80 12 3 64 70 0 51 79 99 28 76 69 54 44 1 54 18 31 50 6 39 93 36 25 92 58 45 
79 35 42 93 15 55 48 80 77 48 31 57 99 59 85 68 65 30 21 19 48 53 22 7 44 15 43 21 59 53 66 90 88 60 83 4 67 84 36 45 84 19 2 84 30 39 4 96 69 26 67 70 31 89 29 75 56 24 48 67 77 66 58 66 26 93 22 94 29 58 91 14 29 45 98 11 84 2 7 6 80 75 28 63 16 57 90 25 81 38 44 58 4 54 76 83 48 98 29 29 
8 20 43 37 65 93 49 1 48 8 7 28 35 35 92 4 44 34 29 25 73 25 84 29 80 60 12 80 11 41 9 19 13 5 9 78 98 10 32 46 18 91 27 54 79 71 10 23 5 39 49 30 16 85 60 96 97 24 76 8 66 38 80 79 43 89 10 41 99 94 40 69 85 67 75 64 38 85 88 95 76 37 26 93 74 86 41 23 10 18 32 28 8 64 60 51 5 70 44 4 
64 84 25 1 51 1 66 41 38 54 37 67 43 63 60 69 49 1 92 11 71 76 40 31 40 0 82 45 22 27 1 38 11 27 39 15 80 57 56 70 11 93 37 6 56 49 75 57 3 68 21 26 44 61 58 85 13 40 82 87 19 84 77 83 63 68 98 95 26 54 65 89 0 55 96 8 4 71 18 59 39 39 86 36 52 44 73 17 36 55 56 56 91 33 91 6 53 89 1 79 
95 19 69 47 26 65 8 30 88 26 90 28 17 28 64 21 72 37 38 60 44 46 68 36 79 59 94 84 0 96 64 48 67 85 95 93 2 3 75 90 81 17 70 98 45 86 19 69 75 9 82 20 55 50 8 86 62 2 71 62 50 87 10 17 24 58 62 26 61 90 68 43 7 91 93 5 77 13 26 5 22 8 25 78 59 85 64 73 87 87 35 90 74 98 59 98 56 22 76 69 
64 97 12 71 88 6 28 17 71 55 22 45 63 99 23 74 84 40 47 24 27 35 14 54 33 25 4 41 99 33 10 63 30 75 35 70 33 63 87 4 70 10 49 34 9 25 60 46 17 60 70 96 95 36 50 28 61 7 21 13 40 31 76 22 6 63 92 39 79 31 95 49 93 45 35 55 22 96 1 39 56 23 35 51 59 38 31 72 45 52 37 37 35 14 59 42 77 3 33 56 
86 29 58 80 26 93 35 48 41 36 87 49 11 22 52 22 60 83 46 57 87 84 94 75 98 5 17 27 60 50 36 47 31 94 27 57 39 62 5 81 50 44 30 13 19 83 35 79 18 81 89 58 65 83 33 15 89 2 43 1 4 79 48 36 25 75 93 16 89 51 97 91 95 80 4 14 15 39 46 85 73 35 43 38 70 28 54 11 30 49 13 35 80 61 23 5 89 16 21 78 
19 71 22 67 3 26 81 18 18 79 55 91 14 51 81 37 79 87 48 62 36 61 49 16 23 72 73 12 40 47 42 60 70 64 27 73 43 60 43 61 40 98 4 6 49 85 43 81 73 92 95 9 5 44 78 28 16 3 92 56 50 87 68 20 3 95 45 46 8 40 59 0 39 63 6 40 1 2 73 74 46 68 35 51 12 65 32 80 69 24 37 71 63 57 44 67 5 89 65 13 
30 25 13 21 40 71 13 41 73 87 67 71 7 3 23 20 20 55 52 89 31 41 61 47 99 5 14 4 46 79 69 76 56 82 49 97 5 63 90 31 50 58 2 57 13 77 29 33 84 82 75 68 23 88 15 22 93 29 78 39 60 47 68 17 81 17 66 87 80 56 18 82 66 20 92 31 98 73 17 82 55 92 50 31 80 17 5 25 46 84 16 7 83 36 76 65 6 42 52 86 
50 70 21 69 42 13 0 92 86 69 27 94 13 77 25 45 95 82 22 93 66 39 52 2 27 28 67 33 22 19 72 73 41 93 94 35 58 46 28 96 16 55 42 29 84 19 75 31 2 97 25 20 88 29 22 16 58 89 1 32 60 73 57 53 66 51 89 76 98 17 25 14 72 67 95 56 87 22 40 41 72 65 61 12 94 84 28 4 25 30 89 38 55 46 91 74 98 80 50 48 
49 75 14 21 95 9 30 82 84 70 23 56 87 36 68 33 20 49 90 98 31 79 36 86 25 27 60 75 60 63 23 9 90 37 83 85 99 65 19 83 35 94 39 74 31 59 7 3 60 49 1 43 28 37 30 6 17 42 81 77 57 5 38 48 94 21 33 93 86 5 76 73 99 67 99 30 27 7 34 39 8 35 83 37 25 65 43 42 59 24 71 17 81 9 17 76 31 50 21 69 
7 98 95 7 65 94 89 44 53 23 84 62 11 67 99 36 32 94 30 91 70 1 8 4 62 25 32 45 28 53 15 87 51 10 94 69 4 84 13 10 59 97 72 22 16 23 58 48 69 40 92 39 93 52 43 56 78 75 1 58 81 68 97 32 30 92 1 87 28 67 97 39 64 69 62 81 44 72 81 13 13 73 4 6 26 48 14 56 75 68 66 8 36 63 41 67 7 94 54 35 
61 51 75 78 72 37 11 16 9 92 29 74 18 33 33 96 33 47 52 61 15 70 69 4 85 62 71 93 57 25 28 70 28 55 48 0 44 11 68 6 56 49 80 74 34 65 22 20 65 26 33 80 96 2 36 81 17 7 74 26 84 55 96 12 62 97 64 59 60 84 65 16 33 97 42 20 63 64 40 28 90 73 60 38 27 97 72 44 56 46 70 41 53 19 5 68 68 22 27 28 
6 44 97 92 93 39 12 8 56 52 36 46 77 49 37 4 98 9 49 6 7 71 47 61 42 5 81 62 79 60 91 37 4 40 29 97 79 93 6 35 97 94 34 74 95 71 79 45 32 80 52 39 3 51 52 98 8 33 60 87 93 3 25 49 43 6 99 23 52 57 10 49 3 96 76 99 19 7 96 51 39 48 91 42 0 95 40 60 29 1 48 74 4 25 76 0 83 75 75 35 
84 85 37 87 34 13 86 5 72 35 57 11 83 0 53 35 95 46 96 76 99 96 3 55 21 79 55 56 6 30 92 90 68 81 29 2 94 16 7 18 51 16 29 86 68 34 74 64 80 70 92 31 18 95 87 91 26 42 47 84 73 39 26 93 20 56 47 66 24 6 36 27 23 65 13 43 0 87 7 32 9 52 16 79 99 3 70 26 45 18 62 70 9 89 15 82 45 62 0 69 
69 37 96 44 2 61 87 54 1 47 39 62 99 55 42 50 10 12 76 7 30 91 30 92 80 45 74 77 8 26 46 29 63 94 25 18 55 64 24 8 11 15 71 62 22 13 13 32 25 41 40 8 84 70 0 64 15 26 41 75 52 39 56 68 33 33 86 41 98 62 49 61 78 20 76 0 33 41 33 11 34 25 71 19 95 23 83 62 1 77 90 53 16 98 73 2 32 59 43 82 
22 92 95 52 65 71 52 50 12 37 13 99 62 84 18 9 59 53 24 60 30 66 66 99 16 39 1 48 51 44 82 73 88 78 77 5 49 29 56 14 19 21 13 33 6 31 95 65 36 71 78 67 37 44 66 53 83 19 54 34 63 36 59 3 66 36 9 16 18 17 82 89 38 95 22 96 78 69 14 14 40 92 33 77 36 51 83 71 70 37 6 85 25 17 89 92 54 50 60 24 
67 42 13 57 89 87 54 19 57 20 33 97 12 19 27 0 70 10 71 41 47 29 26 24 47 67 16 53 17 76 29 36 18 42 94 59 81 0 78 90 20 12 88 84 83 67 84 53 77 7 46 76 37 25 0 84 92 69 89 62 45 18 98 16 12 44 75 93 96 54 36 68 18 76 52 1 43 88 6 72 96 53 48 85 30 0 21 22 69 10 84 67 80 35 83 92 79 10 37 28 
64 73 96 34 49 1 87 92 89 94 64 37 99 64 74 81 65 95 3 86 57 40 53 37 75 88 29 6 51 67 34 15 92 31 2 42 32 89 86 73 35 3 63 86 67 37 67 84 33 23 23 90 63 28 28 90 69 9 96 20 28 83 87 21 66 89 15 98 31 53 23 18 56 86 57 76 24 76 12 57 51 87 99 14 16 27 56 85 89 5 57 17 88 44 38 54 86 5 4 69 
59 27 39 67 66 96 43 90 25 8 99 76 95 98 43 11 78 99 48 67 4 5 84 44 2 75 50 88 80 54 57 91 34 96 59 0 45 54 42 70 62 41 46 58 39 41 69 69 41 70 36 97 27 73 94 29 48 44 17 80 99 26 24 85 75 83 37 20 37 79 42 52 20 40 10 11 82 31 81 75 1 17 72 81 90 66 10 90 63 80 23 14 6 47 99 81 30 36 53 19 
67 95 71 87 36 33 50 18 65 31 93 18 1 17 99 43 36 10 34 99 90 57 13 48 56 12 82 86 0 35 57 67 31 81 6 19 14 56 89 31 88 34 50 41 51 1 84 87 63 70 38 5 27 51 54 83 15 36 21 67 23 31 34 6 12 92 25 78 49 14 10 89 48 12 30 52 13 14 91 77 85 30 82 64 81 88 0 97 76 73 64 0 4 51 6 68 43 84 47 44 
50 9 33 51 21 63 3 34 30 94 63 67 24 98 31 58 86 83 7 63 9 23 15 13 74 21 34 70 57 33 14 8 42 0 59 63 63 14 49 45 60 65 12 37 63 96 95 1 79 2 64 88 25 79 54 52 53 40 74 10 73 40 70 15 40 81 30 56 95 79 1 8 96 66 45 59 62 40 13 93 94 77 34 71 9 40 23 14 80 49 76 53 90 99 20 30 80 50 86 28 
81 40 36 78 6 81 89 20 73 2 13 67 32 99 90 41 39 14 7 71 63 83 24 53 82 44 36 15 46 22 43 28 14 31 6 20 64 95 40 37 98 6 56 30 5 46 23 97 12 30 68 28 65 45 33 0 41 69 15 88 44 10 16 58 41 74 31 57 69 71 46 19 77 2 1 35 0 76 32 65 6 0 93 24 45 78 76 39 0 91 27 44 53 43 54 94 17 85 51 38 
9 97 10 38 51 11 73 3 88 57 68 46 58 13 22 55 44 98 46 44 89 73 40 42 68 46 88 37 84 91 76 93 40 86 83 43 49 9 47 37 66 67 36 76 33 58 84 77 57 30 73 98 4 65 93 72 11 81 62 95 25 38 40 17 76 24 61 25 85 60 15 51 27 51 80 12 61 64 41 18 94 14 69 50 31 62 75 43 95 37 38 20 27 31 38 3 7 51 80 92 
11 47 43 90 98 23 3 12 39 44 30 34 11 99 36 42 13 11 37 9 0 28 29 27 59 19 82 66 70 15 10 81 62 53 24 13 29 27 25 20 23 55 6 86 7 43 81 20 6 18 29 7 46 11 86 57 82 69 23 5 84 33 38 98 39 62 11 20 89 36 40 65 44 99 51 51 42 32 23 48 51 5 7 49 68 46 7 50 15 30 55 51 16 46 1 7 8 13 79 50 
49 71 15 45 70 66 96 12 99 72 13 2 77 72 51 45 18 58 47 85 41 55 88 9 1 90 16 61 3 95 11 4 66 78 50 89 45 98 1 96 70 66 50 99 39 1 96 57 12 44 43 53 51 31 62 4 73 30 65 76 77 29 33 95 7 83 84 4 33 86 52 4 4 2 55 43 56 52 53 68 48 48 73 99 31 35 55 5 17 20 81 94 49 14 89 9 49 74 65 83 
12 18 39 16 72 46 60 28 98 65 96 98 13 69 49 44 56 4 49 73 77 83 67 78 49 9 87 51 83 53 34 47 23 25 63 95 71 75 24 22 40 72 72 5 94 22 50 2 78 51 76 55 34 95 34 36 4 73 87 39 78 73 86 1 98 50 97 21 77 73 95 70 97 68 75 91 42 25 94 20 77 22 28 63 69 62 99 74 87 38 13 66 11 52 19 61 54 16 83 31 
41 30 1 39 98 77 82 40 54 28 13 83 2 41 47 72 55 98 46 42 37 11 60 0 15 80 62 69 96 97 1 90 27 54 81 78 83 15 70 38 44 83 21 98 24 20 70 31 71 68 74 60 32 34 12 47 14 26 17 63 23 70 5 3 76 86 33 60 53 3 50 49 39 23 48 15 96 18 47 67 39 73 79 71 7 91 70 74 18 39 89 93 61 94 48 38 32 81 98 37 
85 0 87 24 23 35 39 19 5 38 38 44 11 17 67 71 61 90 45 31 29 86 24 91 32 25 81 16 6 31 53 43 31 40 19 54 75 11 74 33 49 12 29 13 82 97 84 95 87 81 26 68 67 2 59 51 27 92 67 86 23 20 81 54 13 53 61 88 64 35 73 65 99 3 78 33 52 14 28 39 95 54 59 14 9 71 65 88 63 32 74 87 5 56 93 18 9 54 58 25 
41 32 42 41 35 73 26 87 87 55 78 83 61 37 97 22 8 63 11 24 47 85 11 52 93 4 70 54 11 29 31 52 61 74 45 48 47 72 35 86 79 65 69 40 2 19 63 63 82 26 39 81 63 2 34 9 6 4 15 69 33 47 22 46 73 67 94 72 39 29 58 18 46 80 11 1 99 26 16 33 52 55 14 15 57 48 24 15 5 40 85 38 39 7 37 64 26 31 36 66 
13 46 36 59 26 99 60 25 25 76 10 29 31 25 97 88 25 73 56 30 65 41 21 4 0 58 68 26 89 56 44 2 3 33 62 29 32 74 7 10 51 17 39 82 94 88 23 20 62 79 2 27 72 23 84 72 81 4 50 23 61 95 25 16 28 39 45 12 14 4 22 17 22 14 51 68 2 74 40 16 5 43 44 29 66 80 1 0 84 4 23 97 99 0 13 79 92 11 43 6 
15 66 23 89 32 26 58 86 1 50 3 58 93 99 88 12 79 41 12 15 45 87 13 96 87 78 27 79 89 71 37 57 89 12 98 73 39 56 59 92 59 62 2 52 61 42 64 40 84 28 8 81 15 21 30 55 51 9 86 93 32 24 50 21 88 48 94 79 57 6 23 16 68 26 20 30 68 85 22 52 13 30 86 81 3 68 36 7 77 22 0 10 98 50 83 39 50 30 18 59 
36 42 75 4 20 48 86 88 33 61 93 98 43 31 79 99 99 67 6 76 42 58 86 40 60 22 31 10 52 2 70 88 96 97 44 16 97 83 56 30 96 49 81 39 80 12 90 31 80 48 8 22 6 46 14 66 68 46 29 20 0 51 60 96 0 5 64 98 40 20 28 36 22 61 27 2 74 18 34 54 18 94 28 25 92 42 43 61 40 72 33 40 23 94 88 24 51 52 22 91 
73 2 79 95 64 6 49 38 76 35 44 95 81 72 72 74 66 15 87 7 40 20 99 63 66 88 39 17 92 13 60 17 16 39 64 32 46 14 22 74 1 66 69 83 90 93 9 56 61 96 15 1 16 67 16 83 7 56 52 99 69 13 17 37 4 33 21 2 99 43 77 1 61 98 36 51 92 45 60 53 41 27 54 9 94 70 44 1 78 49 53 48 62 22 37 18 55 59 21 55 
2 98 8 16 96 96 19 88 41 79 93 34 59 47 95 5 70 40 7 48 89 12 96 3 86 86 73 41 45 94 48 99 92 8 15 41 4 35 81 97 14 75 31 25 74 27 31 44 19 90 93 60 2 41 15 40 27 88 81 24 35 82 24 79 42 39 20 47 74 2 44 41 29 28 66 3 7 49 0 26 39 93 38 93 86 53 33 66 93 67 90 28 49 14 8 43 54 80 90 80 
82 35 21 63 15 40 67 22 89 67 48 29 12 38 74 98 91 8 64 36 75 7 65 76 21 25 19 75 5 62 8 40 49 29 3 64 21 22 86 11 41 34 92 5 72 66 56 15 26 72 51 1 79 68 29 1 93 1 28 99 63 36 39 12 18 94 76 39 17 62 50 10 48 42 16 72 61 72 87 87 44 90 41 24 59 70 25 4 71 5 3 86 42 94 98 60 89 74 51 58 
36 2 20 36 96 36 8 9 8 95 97 5 38 38 29 97 60 6 1 84 11 57 70 5 3 69 17 44 95 69 54 84 23 75 20 19 11 29 29 72 76 78 77 14 68 6 11 80 12 65 64 75 74 87 33 77 56 50 74 3 71 28 87 94 3 8 14 15 89 95 87 65 25 64 80 93 22 91 73 86 8 90 13 82 77 46 12 85 49 86 88 20 14 76 15 18 36 81 85 25 
28 24 90 53 40 22 98 62 14 23 0 74 13 13 9 90 60 21 27 61 59 16 81 73 44 96 43 32 29 80 9 57 4 51 62 96 74 60 10 40 84 10 14 49 76 23 92 88 96 19 49 55 87 30 81 83 79 76 67 8 57 76 18 13 28 32 10 54 93 20 94 29 83 60 78 59 84 22 47 32 42 96 88 81 78 21 65 57 97 32 18 54 61 88 68 41 20 30 95 13 
50 41 94 33 1 25 44 85 47 91 70 41 87 10 23 66 31 40 75 28 24 93 35 85 33 55 78 54 85 73 19 87 14 14 21 16 39 65 53 38 9 75 80 48 85 3 66 16 43 42 97 19 87 32 5 21 87 35 75 24 9 94 11 75 60 84 43 51 2 49 90 11 24 70 59 10 25 26 78 20 20 75 39 59 59 96 80 98 32 7 22 93 54 34 20 66 18 64 18 72 
65 60 83 89 82 95 51 7 73 30 79 93 57 18 52 17 67 85 15 51 44 38 44 98 24 64 65 94 80 35 67 45 95 50 87 77 97 38 36 70 68 15 63 26 85 68 95 52 5 10 3 49 0 99 0 24 64 65 19 96 52 86 42 47 88 29 24 86 19 60 56 40 27 72 66 12 92 13 17 49 23 72 98 76 72 50 0 88 15 71 36 19 9 30 66 50 59 42 36 31 
54 44 71 81 68 89 46 12 2 15 61 77 87 12 53 11 62 6 51 30 77 40 49 87 70 68 89 82 10 25 13 17 21 84 98 42 73 96 54 27 11 68 4 51 80 58 14 42 64 18 24 93 58 74 32 80 42 21 62 4 98 75 21 72 11 72 14 36 68 20 63 32 88 68 35 20 78 1 15 94 19 39 87 29 65 20 10 7 93 72 64 92 0 85 64 11 9 30 48 30 
50 63 62 91 31 49 11 61 50 26 55 22 66 95 3 31 67 65 91 60 90 55 52 90 92 68 53 2 98 53 84 1 17 98 92 0 47 3 62 49 30 17 23 48 12 79 31 79 44 22 92 34 29 96 76 74 65 82 28 15 35 12 68 52 10 60 5 57 16 67 58 98 36 82 46 1 13 77 32 57 52 24 44 81 21 72 55 38 54 35 5 42 47 74 46 9 86 51 18 2 
18 77 0 7 11 46 8 24 76 40 33 28 65 29 61 38 2 69 76 8 4 33 50 4 7 49 13 94 52 32 96 71 61 49 30 72 47 38 48 23 78 81 3 95 11 65 33 65 34 61 73 38 95 76 42 54 77 8 48 29 40 97 52 1 46 82 25 93 20 73 69 51 6 72 46 69 37 32 34 71 93 60 62 40 36 56 95 13 64 95 42 56 44 47 9 42 29 34 88 50 
59 57 1 66 81 99 87 19 31 22 42 77 82 56 69 70 65 16 35 29 12 29 38 8 76 47 51 6 82 39 8 41 96 9 59 77 8 47 48 92 21 43 69 55 51 38 25 16 55 12 46 19 41 36 27 70 83 78 28 17 17 36 11 65 97 70 95 57 69 95 49 42 90 70 97 42 9 74 58 16 86 56 35 80 92 14 2 76 93 30 93 62 66 4 80 63 27 75 72 48 
22 22 91 13 92 88 55 53 15 13 21 53 22 8 85 14 23 87 42 68 17 36 30 83 92 10 98 71 37 71 20 60 45 63 25 89 3 80 95 18 45 16 24 67 25 9 34 48 97 76 16 14 64 98 50 9 61 0 80 98 23 52 10 68 67 87 58 71 67 53 41 65 21 65 84 46 75 18 94 72 95 62 38 59 61 88 68 74 41 1 24 64 5 35 33 73 22 43 44 42 
48 37 7 69 3 91 16 30 62 62 2 57 25 92 68 38 33 89 12 74 42 36 38 47 23 23 20 98 66 16 92 14 54 51 36 9 94 52 39 56 66 41 13 91 85 34 81 18 23 45 92 65 34 83 64 57 6 85 7 73 53 99 39 7 50 75 16 45 79 55 53 46 48 19 89 86 53 71 4 28 68 49 45 2 32 9 12 38 46 19 11 0 71 3 59 73 78 28 70 58 
35 24 4 36 43 45 22 48 16 78 76 37 27 73 39 59 82 3 98 81 23 61 33 46 16 44 19 95 24 90 5 60 14 61 48 9 6 22 57 75 0 85 12 28 58 3 39 92 7 89 25 82 51 58 28 67 3 99 14 79 89 19 39 55 32 39 16 39 61 25 14 62 10 78 42 20 81 81 65 88 71 90 70 74 1 50 93 56 50 8 35 91 79 27 47 12 66 63 3 80 
89 17 94 51 95 36 24 28 69 41 69 40 83 39 66 36 42 60 92 92 20 80 35 99 7 82 63 25 98 66 57 39 35 51 42 82 39 18 11 9 59 80 1 43 71 68 79 65 28 24 9 0 4 45 99 63 27 15 40 77 81 50 16 69 1 11 51 93 29 14 2 89 94 55 84 18 23 15 83 3 39 93 3 95 90 55 10 17 70 3 47 3 53 63 72 54 26 24 99 56 
38 1 97 85 9 81 55 32 48 38 88 88 83 43 35 73 50 98 43 20 1 90 76 54 5 48 60 32 24 60 40 15 13 37 52 22 18 7 7 66 97 47 6 33 90 94 58 41 92 1 13 45 43 41 99 1 42 59 85 66 71 25 33 85 14 85 7 32 44 66 50 42 13 9 27 56 55 85 49 99 39 14 44 82 56 95 35 98 6 20 16 78 97 50 63 11 87 22 95 32 
41 98 26 54 59 53 10 14 38 11 65 77 26 9 60 82 4 47 80 62 68 48 40 17 98 55 29 86 30 76 70 71 74 96 77 33 49 88 99 87 51 64 65 77 25 77 59 81 24 91 44 44 92 36 14 90 92 43 28 22 71 50 45 46 46 22 31 95 62 83 35 14 99 52 91 25 29 3 58 5 46 2 2 38 39 16 81 83 11 9 57 82 60 2 80 58 24 12 54 87 
47 41 53 46 93 44 71 74 99 30 79 46 84 33 84 75 1 65 58 12 27 15 47 39 69 79 97 94 43 3 33 90 44 86 37 89 82 60 63 82 90 95 80 27 28 16 2 30 82 13 94 61 80 93 52 50 73 49 96 16 5 29 59 1 67 96 91 49 56 54 83 99 49 63 78 30 80 32 12 14 45 58 27 78 52 79 28 77 28 24 45 85 53 4 87 72 52 78 21 9 
32 57 60 34 72 38 64 52 70 76 18 68 34 45 46 38 76 74 15 57 50 13 42 55 17 29 27 22 59 0 31 44 57 43 78 82 81 42 34 3 70 5 23 56 2 69 95 79 95 62 36 45 75 78 0 45 60 79 67 19 80 50 63 89 93 93 71 26 87 58 81 57 15 5 14 17 74 61 96 22 23 32 67 51 63 20 48 23 99 15 94 31 17 58 73 62 3 96 88 91 
6 21 48 21 26 14 39 53 75 87 75 51 20 94 54 35 14 2 58 66 17 4 49 86 14 74 48 18 71 88 9 77 9 9 99 88 76 90 41 3 77 68 54 49 62 8 84 29 10 94 47 79 99 96 17 65 71 65 83 94 5 92 71 67 54 22 55 30 12 48 33 90 16 40 91 30 0 76 59 63 22 6 94 73 55 12 39 78 29 22 72 35 67 43 54 73 66 9 3 30 
9 88 72 77 80 64 7 81 92 19 96 66 77 90 40 32 54 31 10 84 5 34 71 72 78 25 45 96 86 0 78 95 41 51 72 21 15 31 54 59 50 50 25 80 41 17 12 95 48 75 31 54 9 2 78 39 79 76 87 65 76 66 12 69 17 84 91 84 68 97 43 18 48 20 98 41 38 63 88 86 90 20 92 51 74 71 91 54 47 78 71 75 96 84 45 13 20 88 49 88 
37 44 59 85 65 9 78 3 72 67 41 14 87 86 66 61 57 9 67 56 39 91 83 36 75 80 1 47 68 51 36 6 95 47 43 60 56 22 15 81 89 9 95 28 95 13 41 4 22 9 12 62 0 95 98 27 76 99 74 96 2 62 54 98 61 98 10 18 72 26 51 61 87 98 41 34 12 82 38 34 43 50 48 43 45 46 22 73 98 49 70 0 11 24 50 25 22 61 43 94 
39 46 7 26 44 48 60 56 83 98 43 26 0 91 22 97 90 44 71 40 93 41 92 57 65 43 82 40 4 77 86 95 23 46 21 19 46 81 28 29 31 71 56 83 14 78 32 56 74 3 96 68 96 89 77 14 84 59 6 40 88 92 35 63 38 56 82 37 89 10 66 72 33 22 7 48 52 39 4 27 43 53 47 91 94 24 5 78 35 11 18 23 56 5 86 46 61 20 83 2 
31 50 26 64 24 33 64 77 72 21 56 67 74 3 59 68 27 64 46 14 28 16 89 84 21 75 30 34 47 14 88 30 16 14 47 40 47 11 69 71 32 25 91 6 80 50 26 7 66 24 73 94 40 62 30 13 89 61 47 37 27 35 67 43 1 14 35 0 78 5 72 10 82 63 69 63 65 47 22 83 72 96 78 12 58 60 78 0 21 25 37 0 13 56 43 66 23 31 67 1 
36 91 63 18 6 84 81 23 32 4 6 4 0 36 68 10 97 46 10 70 24 99 71 89 56 66 55 31 97 74 32 85 65 47 4 23 32 37 46 64 93 53 20 45 89 88 56 38 87 18 9 11 18 32 52 26 98 7 57 48 82 41 33 99 88 89 75 20 27 21 36 20 26 8 66 68 97 74 6 36 92 67 47 62 99 99 40 50 58 97 98 92 38 83 44 79 73 19 51 52 
40 40 72 19 48 90 87 45 16 45 33 61 13 80 23 64 31 64 14 42 13 64 34 4 48 30 35 21 49 86 73 42 26 97 61 75 40 0 72 56 45 6 17 10 38 93 75 22 9 41 64 22 6 50 78 54 81 13 27 82 0 52 24 78 1 37 53 41 89 26 98 87 84 67 97 22 12 24 44 21 66 60 96 72 11 74 78 44 40 57 26 92 9 3 70 10 92 24 4 82 
2 2 69 86 21 66 60 34 43 5 7 9 65 3 33 28 30 63 24 70 20 51 62 29 6 84 91 98 60 95 32 62 49 1 0 23 20 61 57 63 18 64 24 35 20 57 16 50 20 40 72 40 43 86 21 49 70 64 0 31 60 32 45 9 86 46 84 6 59 41 21 29 58 45 64 30 54 80 80 74 73 4 66 16 90 39 18 60 3 18 91 63 2 89 25 88 35 9 94 46 
3 67 75 13 12 39 43 18 72 75 92 97 79 10 13 69 49 31 29 53 1 73 68 4 14 45 92 49 55 39 95 10 6 22 23 71 13 18 89 85 93 34 82 72 96 48 41 46 31 22 51 33 47 19 37 61 17 81 62 72 20 9 34 79 31 9 2 45 27 43 82 20 29 17 92 26 65 85 24 96 59 75 29 7 46 18 20 63 0 83 87 72 92 21 51 24 82 5 21 9 
49 3 29 78 20 73 56 37 10 80 86 70 7 67 77 6 86 97 21 38 32 9 10 25 82 14 1 65 19 22 26 68 77 56 99 50 81 55 87 92 88 25 62 95 93 91 53 31 40 75 69 73 36 31 98 70 45 99 35 65 73 62 85 50 70 36 0 51 44 40 95 32 65 57 79 10 0 33 41 41 8 62 14 96 94 12 66 91 63 2 8 88 16 94 90 38 30 91 41 74 
83 37 58 0 46 38 11 47 23 4 88 83 19 2 79 65 66 45 56 81 99 65 69 15 11 59 5 93 2 47 20 37 36 78 38 82 68 1 81 91 57 69 74 76 23 53 41 41 99 98 22 50 15 43 66 26 55 23 19 57 70 91 95 58 70 85 93 38 86 74 82 43 96 8 72 71 62 13 13 13 63 87 63 30 31 81 56 86 5 28 95 27 19 90 38 41 27 31 32 13 
