100
84 41 25 0 84 78 8 91 85 73 47 82 28 42 23 67 7 12 40 57 13 26 22 56 6 17 55 60 66 84 34 51 77 12 3 61 90 11 4 28 36 52 10 65 94 86 84 1 50 24 58 15 50 33 72 9 50 79 69 69 15 55 72 93 67 75 6 10 38 11 38 27 63 0 44 9 86 28 10 37 52 20 52 55 53 76 16 56 55 85 25 71 40 97 16 60 72 74 70 62 
37 60 89 0 60 33 61 47 61 71 36 66 44 40 73 97 17 89 53 24 74 30 47 66 27 63 26 51 38 48 14 75 8 55 28 69 89 41 68 2 65 4 20 9 44 93 58 13 82 64 38 8 94 85 75 22 1 53 25 91 2 91 18 10 47 98 31 88 40 99 42 5 3 63 14 0 56 24 13 91 88 51 99 83 89 26 57 90 32 34 81 34 26 51 96 25 50 28 13 90 
27 55 47 31 18 13 31 27 37 44 18 78 48 69 61 37 96 70 79 28 56 60 14 82 11 10 59 13 38 72 3 66 28 2 49 98 15 32 25 53 28 95 31 76 65 44 65 61 66 44 41 74 56 55 9 20 65 68 33 56 41 89 74 21 43 23 71 59 7 49 64 35 44 47 64 9 43 29 22 61 26 63 35 34 18 44 6 36 65 92 92 6 33 66 79 76 41 2 35 48 
51 51 35 96 98 99 5 93 81 80 54 59 43 90 93 14 86 52 50 51 44 94 9 77 12 40 53 5 43 41 53 94 92 40 42 43 40 0 36 73 80 91 32 23 33 77 89 71 29 39 75 73 85 36 50 97 77 56 2 72 97 7 66 41 48 61 84 40 61 21 13 41 12 97 16 97 74 58 68 4 97 95 77 35 32 80 84 9 36 39 33 85 98 51 26 98 12 11 38 73 
84 3 66 48 0 35 45 75 93 65 79 42 61 8 29 93 40 14 54 28 53 87 13 51 38 92 50 51 55 40 76 39 44 95 87 44 82 84 71 27 49 2 21 62 11 51 55 3 65 61 32 18 48 97 21 39 89 23 42 96 64 18 87 8 65 26 4 99 10 28 26 12 30 48 74 93 99 82 97 16 43 29 86 44 78 7 83 20 31 25 16 47 95 4 7 13 30 63 12 93 
91 91 57 22 39 31 67 90 65 64 6 61 45 92 5 24 51 40 44 34 17 12 81 64 16 88 29 99 52 42 44 95 85 1 17 24 84 85 66 50 1 72 63 99 16 20 23 67 12 19 54 29 31 35 45 0 76 75 99 80 69 43 75 54 96 45 30 80 82 96 82 83 20 45 82 88 65 57 55 77 28 9 58 60 97 4 12 73 79 11 53 48 6 28 54 2 25 84 34 7 
80 17 91 52 62 25 40 80 35 47 57 63 57 16 75 6 72 87 79 3 50 84 3 56 64 57 10 90 41 45 97 73 62 40 25 76 18 65 56 53 12 66 16 21 34 44 27 6 31 58 9 82 94 12 90 11 21 53 1 62 98 50 35 12 43 60 40 61 77 97 66 89 15 34 63 49 78 42 7 10 53 68 44 47 32 34 10 53 87 11 15 37 14 50 1 57 62 42 70 39 
91 36 80 6 70 43 7 49 86 14 11 91 82 55 90 14 41 1 67 29 64 82 18 78 84 20 87 46 14 57 85 57 45 65 15 68 61 22 69 99 88 80 90 70 87 80 36 28 33 3 57 98 37 28 76 73 48 16 19 14 25 56 71 71 73 86 39 34 60 60 85 48 40 27 18 27 60 54 55 93 9 65 91 98 93 68 71 93 36 90 7 61 98 78 84 71 16 75 58 76 
35 43 24 75 71 94 54 31 48 62 24 9 79 68 7 24 88 78 17 24 20 76 85 18 6 70 89 22 97 99 50 33 95 26 60 66 20 67 49 20 29 25 29 60 93 88 84 81 66 53 57 38 29 43 56 87 65 97 9 62 97 11 47 92 37 8 10 57 75 11 77 56 88 58 16 82 46 0 15 64 5 73 2 34 68 58 21 85 7 82 99 4 45 47 48 82 7 10 39 34 
21 68 90 10 26 58 44 24 10 11 88 15 36 90 1 4 0 74 41 7 56 41 64 1 40 64 35 47 75 26 81 48 94 23 10 72 81 6 48 91 18 36 6 54 78 7 11 30 81 52 89 89 45 53 42 85 70 77 84 45 55 65 45 1 40 56 73 21 62 73 12 32 61 70 87 39 29 50 21 10 54 10 51 0 16 45 85 86 74 22 31 29 39 28 30 80 84 55 1 99 
28 66 31 89 36 70 80 18 72 53 28 27 64 32 27 80 77 64 66 52 86 49 81 26 77 64 6 14 19 59 65 0 77 48 89 66 71 22 84 43 75 64 70 91 96 49 71 26 14 89 78 52 90 11 30 20 27 88 34 47 48 51 47 77 99 88 43 70 62 27 14 38 92 36 81 40 86 53 66 52 94 96 4 85 60 35 5 87 23 91 34 23 42 33 1 93 74 96 64 36 
24 30 26 68 66 8 8 4 13 75 56 7 23 61 92 83 48 97 23 23 88 57 47 30 43 0 24 17 96 40 5 72 22 32 40 88 40 49 45 53 76 1 60 51 62 5 35 62 2 58 86 91 67 85 73 62 85 49 31 33 41 37 6 63 69 46 4 61 47 49 66 23 50 78 75 65 83 62 27 38 72 13 81 91 50 54 54 35 56 85 21 97 74 27 61 95 25 17 8 73 
66 74 48 16 5 75 33 40 89 61 30 13 26 11 5 77 18 11 64 74 48 37 23 23 64 36 18 42 53 27 67 19 53 67 88 10 95 73 3 84 86 33 98 13 97 55 42 15 66 58 41 66 96 64 89 12 1 60 6 54 39 73 26 44 41 66 7 36 39 10 72 26 95 22 91 92 29 85 59 47 43 0 14 91 65 55 4 18 15 62 72 6 36 50 51 29 16 10 17 56 
20 89 34 67 64 25 12 93 10 71 93 53 72 7 97 89 62 53 7 30 15 31 36 51 82 39 80 50 49 49 6 21 39 92 41 55 17 53 0 27 76 93 33 48 0 30 89 15 35 96 45 50 28 33 54 62 25 86 12 26 36 71 48 75 63 41 82 81 94 82 60 70 76 93 71 28 75 60 43 10 9 40 13 37 74 67 51 51 53 63 77 89 34 77 16 50 18 98 31 64 
33 43 35 9 37 58 89 64 70 33 27 79 73 40 68 99 7 19 50 60 35 28 2 21 5 18 71 76 17 54 40 50 98 27 11 87 85 0 51 8 85 78 87 11 18 8 10 77 79 13 90 14 93 92 36 50 10 59 26 79 14 67 81 12 46 44 99 32 45 2 40 82 81 79 93 51 39 56 81 19 21 71 85 14 63 73 16 25 85 95 5 99 14 38 63 60 83 62 44 80 
16 84 14 97 16 8 1 7 64 82 78 37 53 16 3 68 89 19 93 74 14 50 25 80 89 88 41 24 2 85 56 19 22 70 68 90 78 21 97 94 3 28 83 8 44 86 76 33 6 22 60 72 72 85 5 13 26 46 89 28 83 45 99 5 16 68 47 46 41 97 93 45 25 76 5 69 15 34 2 21 56 14 45 80 52 50 94 30 48 83 58 32 81 10 89 49 30 37 47 71 
86 40 68 11 69 74 80 84 60 34 57 16 49 54 96 53 5 42 83 5 78 93 89 59 3 79 60 85 68 7 57 54 48 77 17 69 51 97 53 11 31 62 79 32 16 28 37 73 70 20 79 0 66 20 11 21 51 71 7 19 79 16 25 79 93 94 48 45 91 53 8 75 15 40 7 31 68 97 5 90 17 36 91 83 56 2 57 8 74 64 79 53 80 57 32 73 51 80 70 95 
85 31 70 0 71 29 83 39 26 40 81 96 76 72 31 85 75 88 45 1 52 24 54 84 33 38 58 37 70 80 32 55 11 2 55 34 83 90 25 10 31 7 6 59 79 37 44 6 26 89 7 30 66 13 15 51 51 73 88 21 5 72 28 17 26 35 3 10 26 29 20 57 36 78 16 15 15 13 22 93 54 81 24 72 95 39 24 46 64 64 20 69 37 48 38 63 84 42 25 62 
23 45 19 59 75 87 26 91 0 48 84 7 30 60 79 77 51 3 23 15 20 43 37 9 44 27 24 80 21 50 42 44 47 13 3 23 52 82 66 53 30 2 12 12 63 91 89 14 47 65 82 67 60 71 28 4 98 52 36 72 2 78 16 2 43 72 25 96 54 91 1 36 93 13 1 8 4 42 23 51 7 57 70 20 28 98 24 26 51 61 98 5 91 67 7 35 91 84 31 97 
75 84 33 21 97 86 81 1 29 4 5 88 61 27 8 89 78 85 68 81 98 18 86 41 37 46 28 28 30 11 25 58 95 11 31 92 97 12 46 78 69 3 19 82 30 79 24 8 16 92 41 14 62 28 8 0 26 36 28 8 48 6 18 43 17 49 88 66 14 34 97 83 37 16 17 19 95 41 80 12 85 21 78 48 1 38 48 27 75 28 88 23 86 6 18 3 56 6 22 22 
40 19 57 29 87 74 49 34 16 29 98 1 2 29 1 4 67 49 83 42 30 71 17 16 78 88 72 86 94 46 8 87 65 65 16 4 91 17 90 7 98 89 61 1 70 62 57 37 64 40 32 46 12 1 62 42 89 86 28 84 32 88 23 49 5 91 53 96 9 44 56 59 85 17 12 55 31 69 44 95 10 76 41 74 78 56 68 67 42 48 3 75 36 26 24 93 18 30 41 79 
26 97 38 63 66 51 18 98 20 14 45 82 91 39 8 21 95 76 88 89 76 44 64 12 70 41 57 40 23 99 19 1 48 10 64 67 61 34 65 33 48 62 68 91 1 28 12 48 57 53 38 33 97 54 98 19 95 55 12 70 6 83 71 55 93 35 22 6 69 39 40 70 1 60 61 55 40 74 3 97 27 41 31 76 48 81 47 95 36 59 66 43 43 89 98 36 25 72 95 46 
11 87 68 64 47 30 71 87 56 75 37 35 68 68 11 16 49 10 64 37 70 30 80 65 19 30 1 96 54 96 95 17 35 63 82 82 45 53 22 1 80 59 88 1 79 99 69 80 62 33 17 32 63 50 97 35 32 50 83 39 99 30 56 34 46 38 69 91 44 91 45 76 2 33 77 81 85 47 13 47 80 82 31 96 84 28 83 69 30 66 8 29 97 64 16 43 55 85 86 51 
28 31 27 30 17 5 63 2 4 28 1 36 10 32 84 47 60 67 16 42 86 24 72 35 40 40 30 47 77 16 98 5 0 26 87 17 83 2 71 39 82 72 27 92 56 12 91 16 31 7 10 17 83 34 52 24 74 34 23 51 51 22 8 3 0 47 72 35 49 95 74 31 19 1 76 75 65 67 43 97 27 53 14 10 88 19 86 62 53 10 66 56 32 74 59 84 22 83 19 23 
78 45 7 97 46 83 72 12 2 15 9 29 69 75 92 9 46 78 71 0 40 89 8 72 16 20 8 38 3 27 13 82 72 20 31 71 55 4 35 10 71 96 91 92 23 83 1 70 62 25 70 2 14 30 27 30 50 87 20 54 15 86 88 39 58 19 62 66 75 97 76 99 45 67 91 69 3 45 39 65 70 61 19 36 91 98 67 42 86 39 48 53 25 88 44 84 59 7 50 87 
56 78 86 2 45 29 23 48 74 62 65 96 75 37 33 66 87 52 60 73 91 60 78 69 48 23 53 60 30 55 47 38 33 33 92 30 62 15 31 89 29 48 85 56 85 70 75 73 22 35 98 66 48 77 35 48 0 40 8 82 95 55 72 80 40 65 10 55 32 41 44 14 90 81 70 27 52 45 0 26 33 51 44 81 28 31 81 80 71 90 62 18 97 34 98 38 51 9 45 84 
2 89 98 92 22 68 72 26 66 24 53 99 75 49 32 55 81 13 35 52 55 49 71 53 36 21 43 87 30 40 23 33 29 21 77 3 42 49 30 8 74 35 59 1 84 91 57 65 4 92 70 60 42 93 65 30 14 60 17 45 0 41 30 81 14 59 84 8 61 66 68 35 1 27 88 86 18 45 3 23 90 73 35 32 66 52 62 81 64 31 26 16 24 8 49 39 67 33 99 28 
0 68 15 53 95 4 39 14 1 43 89 91 16 76 75 35 28 89 16 44 21 94 60 45 2 9 36 21 94 36 50 46 4 17 0 51 73 91 65 75 34 6 66 3 82 94 38 62 83 6 6 4 0 18 2 2 79 38 75 26 26 77 24 30 95 76 82 68 68 99 95 54 6 14 9 40 8 99 3 91 5 61 48 5 32 50 59 63 40 35 41 67 12 66 49 59 42 83 80 62 
83 75 69 41 41 78 81 49 78 36 93 83 98 93 41 82 43 0 45 83 87 87 2 0 5 52 11 99 35 91 62 70 19 31 63 60 61 45 62 39 81 7 75 31 0 16 65 95 68 63 78 56 50 33 8 7 37 19 6 24 63 68 95 82 51 58 42 13 55 56 4 89 63 79 72 63 47 38 58 68 1 89 24 3 74 84 10 11 55 68 35 18 89 82 0 40 41 95 5 48 
51 10 37 67 41 62 82 41 0 93 9 53 34 85 8 8 69 70 19 76 38 54 95 27 37 47 20 30 42 77 30 46 39 68 13 33 30 95 74 82 88 35 87 22 20 95 82 41 17 1 17 55 8 64 35 97 12 7 79 54 36 9 0 76 29 65 9 11 13 35 93 1 70 32 76 42 79 58 35 96 12 52 4 72 69 39 21 81 98 0 87 34 9 88 62 91 5 71 2 18 
58 48 72 28 80 0 22 60 10 57 56 22 10 60 46 79 51 67 12 1 67 99 36 29 39 98 72 45 22 74 63 80 22 87 61 55 87 83 15 98 41 23 72 3 36 19 34 39 38 46 41 58 45 77 39 37 27 11 82 49 85 97 82 60 85 43 15 72 26 82 22 19 5 95 22 93 66 8 33 4 54 74 62 52 3 1 89 30 12 23 32 50 20 14 10 57 9 25 82 87 
59 4 7 64 51 81 58 17 90 43 22 96 17 84 0 20 38 89 2 50 64 86 52 37 52 62 94 61 39 76 49 98 33 8 15 84 41 25 2 31 68 76 80 37 12 80 9 50 22 11 53 86 50 5 23 2 68 18 64 59 46 65 58 31 25 25 16 66 50 70 50 18 46 30 7 58 62 16 61 84 79 14 71 29 71 46 32 91 16 48 51 15 13 61 46 90 86 62 56 36 
84 58 6 30 40 65 41 3 81 2 39 60 68 62 90 39 9 74 31 25 22 34 92 87 47 39 77 33 53 85 21 38 44 79 20 36 44 61 39 25 15 31 37 35 93 79 27 2 53 10 80 75 44 72 14 91 63 91 76 17 29 49 7 25 28 27 61 24 41 53 49 8 84 38 44 77 18 71 32 23 81 64 51 77 88 65 20 52 9 96 21 38 45 28 15 25 55 76 49 48 
81 50 57 17 88 1 47 58 24 79 82 5 43 33 34 83 50 54 35 59 2 56 49 99 36 64 24 92 93 25 40 26 75 97 44 15 50 91 26 74 22 8 31 17 93 17 0 43 23 36 3 25 44 4 76 81 69 52 25 62 77 17 88 4 67 84 72 17 75 98 92 97 6 75 14 99 93 15 94 16 3 49 94 47 54 70 28 23 75 5 37 4 23 77 9 90 14 81 7 89 
79 51 39 37 79 5 88 72 72 82 40 75 32 34 75 38 57 55 13 32 61 2 36 84 31 97 74 45 78 33 87 9 37 78 46 16 83 34 40 8 69 80 35 53 15 10 91 24 18 4 56 31 58 44 15 89 42 41 35 72 26 74 82 63 52 80 79 87 15 19 47 36 52 83 89 67 45 80 91 63 36 99 94 94 43 61 83 37 54 70 10 81 44 44 96 48 24 28 88 39 
47 35 75 51 18 16 18 16 96 61 31 84 12 78 30 8 39 14 45 46 36 7 79 33 51 75 33 76 3 21 67 3 57 95 54 27 11 25 43 60 86 75 96 51 53 27 59 44 93 56 42 81 64 21 14 67 97 48 95 0 21 63 55 78 10 10 58 73 35 1 85 73 28 82 24 33 61 83 30 54 92 72 35 56 94 2 75 43 2 71 95 23 86 51 54 96 61 12 21 48 
65 59 21 94 41 46 79 54 81 9 60 73 82 95 81 28 49 57 23 51 28 18 27 66 69 33 62 30 97 35 30 62 94 52 8 87 50 88 41 31 97 1 57 31 49 90 11 50 99 34 54 27 53 81 93 74 14 7 57 11 95 87 25 89 39 34 29 89 22 22 73 71 24 82 55 25 24 66 75 24 53 29 3 58 62 97 32 28 56 89 91 51 29 69 93 68 3 22 10 77 
44 35 0 20 69 55 97 93 74 25 17 79 6 21 37 69 70 21 49 78 63 93 82 92 62 75 12 65 49 74 94 45 61 46 18 30 2 15 24 28 92 93 59 99 14 48 20 36 69 69 15 84 14 97 76 76 24 41 93 73 67 87 70 29 34 88 59 88 56 35 68 48 29 27 99 95 27 19 32 96 41 99 81 55 96 9 32 72 2 25 97 70 65 67 99 51 8 10 91 64 
98 11 64 79 38 64 74 17 35 58 13 76 57 46 32 5 8 16 29 10 41 26 32 58 94 83 61 54 46 52 18 44 63 34 23 53 50 49 70 86 8 36 62 17 34 46 75 42 62 4 5 56 31 89 14 77 73 28 31 19 32 1 15 96 35 38 1 38 87 24 24 47 12 38 65 46 85 92 89 47 96 46 3 79 35 70 56 60 50 87 31 82 40 46 30 28 36 32 66 76 
8 42 23 20 80 40 66 65 84 7 65 81 5 20 12 93 42 69 53 92 8 37 75 1 35 5 29 24 89 95 0 97 89 75 17 69 68 36 87 52 95 4 85 1 24 98 94 67 19 99 59 79 88 34 80 24 92 61 48 81 8 0 79 97 75 48 19 95 36 6 48 32 10 85 85 86 83 31 53 54 82 65 86 71 99 66 47 43 28 47 25 36 47 4 86 74 4 5 22 41 
11 70 25 73 55 10 59 91 41 65 97 23 30 83 46 81 2 93 25 82 92 50 70 39 6 56 66 62 13 88 3 24 10 28 49 17 90 61 60 31 26 58 7 8 93 5 89 47 99 14 29 91 16 0 83 74 8 1 37 22 41 40 98 51 21 0 20 11 61 81 95 39 91 54 47 36 59 36 84 10 3 13 54 71 65 89 46 26 90 35 48 31 27 98 34 48 98 54 12 11 
87 59 50 30 65 97 67 24 86 51 87 41 16 41 12 34 30 10 60 20 45 60 3 73 58 89 73 9 95 37 20 83 96 23 65 61 72 32 38 58 83 25 51 52 66 16 86 48 26 46 20 24 58 23 97 68 64 22 77 59 60 50 94 8 25 60 70 97 92 60 8 28 85 59 32 3 75 18 51 54 16 23 78 74 98 27 42 62 49 72 73 61 74 68 70 99 80 92 96 24 
52 4 4 89 16 36 44 43 54 47 49 22 70 79 96 68 58 91 30 8 15 3 21 89 23 91 88 3 83 84 28 87 41 84 76 9 21 20 4 27 67 54 50 37 33 98 5 92 89 87 52 4 43 73 45 66 17 33 22 52 70 50 40 63 86 16 72 7 89 76 35 56 82 85 46 16 35 3 60 77 91 64 33 86 89 79 52 6 12 74 59 82 76 99 97 63 67 69 70 56 
98 57 65 80 94 11 48 30 66 60 7 57 24 40 43 66 19 48 72 84 74 83 18 51 34 16 66 2 85 88 58 35 46 23 68 40 86 68 70 53 29 29 62 5 70 58 71 41 6 96 25 80 79 44 83 14 60 49 16 97 38 26 33 36 2 53 76 40 21 99 93 50 80 8 8 50 66 79 44 24 75 69 56 7 65 40 21 25 41 89 75 31 67 60 67 21 13 96 62 34 
95 55 37 75 63 45 78 81 24 22 5 52 43 14 59 9 54 32 86 47 21 61 79 40 21 46 62 86 42 24 21 89 31 58 17 47 3 95 80 79 69 86 31 64 52 90 25 6 22 12 5 95 25 84 88 99 83 50 85 77 26 6 67 57 16 36 56 19 83 37 99 52 75 30 68 27 73 94 85 47 6 90 95 83 75 83 82 10 33 68 87 11 26 6 68 43 42 77 62 77 
14 13 29 89 96 50 16 69 44 53 68 2 43 63 85 70 46 20 80 31 88 20 42 66 78 63 9 73 92 24 50 6 89 32 47 85 82 15 6 26 68 75 80 11 90 17 82 37 37 14 20 77 86 15 44 65 30 5 38 22 29 88 80 71 20 27 56 54 42 63 32 10 90 12 73 80 30 7 69 19 74 42 97 60 9 93 25 39 98 15 13 80 56 93 51 28 20 7 83 14 
22 15 24 64 80 49 45 62 57 66 81 31 8 78 91 17 71 69 8 22 36 21 2 92 14 53 21 86 12 56 0 87 71 76 51 51 26 48 65 35 15 47 66 75 77 9 45 1 30 53 23 67 75 77 11 41 30 84 28 94 40 28 81 64 5 33 67 83 33 33 18 48 80 84 76 9 45 21 10 28 74 85 47 1 62 58 43 92 95 23 39 35 51 20 51 8 5 19 91 39 
52 9 39 84 45 67 93 43 88 56 71 15 41 18 68 4 28 63 48 23 86 87 11 90 8 62 98 65 81 42 56 85 3 48 21 49 15 67 92 56 23 15 23 64 85 91 68 13 7 17 89 93 56 0 35 64 14 86 82 96 28 90 33 31 38 7 32 6 74 76 14 97 91 37 61 76 80 82 42 87 51 31 33 7 31 68 24 45 54 6 93 34 48 79 18 87 86 50 45 60 
27 59 9 70 96 70 99 76 4 41 64 55 72 49 63 55 17 87 52 24 45 46 10 93 77 28 32 15 31 77 75 58 36 84 80 84 6 79 61 63 72 77 18 44 26 33 99 95 20 4 71 17 50 82 11 79 10 95 94 41 73 21 51 61 57 84 46 63 63 59 78 36 88 97 32 66 30 84 61 3 88 33 20 90 15 83 69 77 31 15 19 4 36 22 17 93 6 63 8 22 
74 87 58 62 36 42 28 66 26 42 21 14 75 94 56 42 29 25 19 60 40 90 16 28 13 34 21 71 49 30 93 24 17 3 38 5 46 67 71 72 61 45 39 36 39 95 30 20 73 49 81 65 92 97 94 5 83 67 28 33 97 22 9 66 25 47 71 23 66 95 96 27 40 87 15 31 34 45 3 59 47 84 25 39 34 71 96 17 38 24 2 88 98 11 6 24 11 78 47 77 
25 95 57 17 34 24 0 21 70 3 80 69 40 57 8 74 80 56 43 19 32 46 59 31 9 65 7 20 95 6 50 20 2 59 89 88 83 89 9 5 93 42 74 33 99 34 59 80 90 2 51 23 0 10 6 62 27 13 34 23 19 36 43 73 95 33 62 79 74 23 36 67 65 11 52 65 45 11 97 88 66 0 63 18 62 69 80 89 82 67 12 53 3 8 27 99 93 41 30 67 
64 66 87 82 29 91 99 75 3 96 15 21 48 78 39 10 99 72 99 33 39 12 86 42 72 65 93 65 6 75 84 23 42 71 5 71 15 4 98 70 52 65 91 0 43 82 62 94 6 61 27 45 25 66 40 97 31 85 62 90 61 99 65 55 22 70 78 37 26 77 7 30 42 50 82 38 33 44 84 39 5 12 37 31 30 29 80 13 66 43 3 27 94 20 34 16 90 13 54 68 
42 13 50 36 64 32 26 97 28 11 88 86 75 77 69 57 58 49 70 25 44 26 4 38 46 39 7 89 4 61 9 46 74 60 34 90 44 61 87 73 24 28 11 51 5 80 8 64 29 78 41 26 4 45 64 3 36 71 92 40 84 1 38 11 61 25 1 58 86 41 83 62 69 94 13 26 26 21 42 7 51 83 33 8 81 50 11 17 21 3 10 58 56 0 69 70 25 22 28 63 
63 63 77 32 57 90 11 35 63 53 42 15 37 76 23 18 26 34 87 99 89 49 9 45 50 78 15 27 53 95 43 16 58 20 1 67 11 12 2 26 65 45 41 54 21 64 24 99 50 12 50 39 13 60 37 63 38 52 43 91 0 86 60 58 6 61 26 69 73 28 96 90 73 89 45 46 6 69 97 56 33 48 48 47 8 85 62 98 89 5 42 41 43 2 0 2 15 78 23 88 
6 71 30 32 61 75 30 67 45 28 75 30 28 23 77 36 60 40 86 2 97 28 43 93 82 43 47 97 73 70 85 32 42 68 64 3 43 46 22 40 26 97 71 54 73 0 42 33 92 29 35 90 57 31 35 40 74 82 89 0 52 27 32 46 95 48 1 38 94 23 79 73 73 2 79 46 2 22 79 95 3 67 37 60 98 72 52 24 6 42 24 10 69 56 57 16 56 58 54 51 
34 85 24 7 87 55 53 42 77 84 37 80 3 74 93 1 98 97 78 56 91 54 66 12 63 75 28 19 86 35 70 20 20 46 79 60 2 32 2 31 68 91 12 72 17 57 25 15 54 3 71 98 58 89 10 21 65 39 40 51 74 63 23 46 61 2 6 63 86 60 47 6 51 11 78 68 68 4 35 74 7 6 72 17 48 83 90 65 74 31 68 0 46 91 46 7 45 5 23 83 
65 70 89 17 81 68 85 49 24 21 23 83 79 48 1 79 31 91 44 57 74 12 57 20 55 3 28 0 60 51 83 26 21 73 95 54 93 80 3 17 53 78 52 85 26 53 64 9 97 9 66 71 73 23 44 29 79 72 29 39 75 65 17 48 90 12 2 35 45 57 4 98 87 56 83 66 62 0 75 59 61 42 82 34 17 26 15 48 50 97 40 25 62 57 73 4 70 27 39 15 
36 43 65 24 51 1 90 13 1 65 24 62 59 7 48 29 33 64 77 84 61 17 61 75 75 87 79 97 66 70 64 3 65 29 27 16 30 69 30 31 86 54 45 46 13 94 27 47 10 4 83 71 74 96 46 49 83 77 98 50 47 62 53 12 91 32 28 74 53 10 5 39 17 3 37 30 49 64 29 59 69 12 30 43 61 28 44 44 5 94 46 52 56 51 64 99 35 44 73 88 
55 79 28 72 34 65 54 83 30 84 42 51 48 24 46 9 52 42 54 9 36 52 61 92 4 77 91 91 73 65 80 28 96 8 52 30 25 59 65 7 43 7 58 91 83 56 1 87 98 7 96 34 11 57 78 15 86 22 59 59 87 39 40 35 99 44 17 24 3 82 32 46 41 42 90 76 99 91 63 97 50 59 84 61 68 62 29 54 84 88 65 23 27 57 10 78 2 27 2 57 
61 86 56 54 29 46 30 28 89 93 77 39 4 61 52 72 76 81 78 12 21 44 88 0 53 98 78 55 78 33 65 91 19 21 98 0 67 28 80 8 74 58 47 30 71 51 3 99 85 81 12 6 77 0 59 31 50 37 38 28 22 55 72 42 76 70 42 95 50 23 3 76 33 2 7 4 54 10 56 39 43 68 97 73 20 56 56 70 46 46 51 68 2 75 10 30 45 5 26 95 
80 81 24 13 84 31 69 90 93 25 29 36 45 78 61 17 35 17 88 81 64 91 49 18 66 12 48 63 17 74 10 49 56 34 62 92 65 83 82 58 61 63 47 58 41 8 76 76 78 64 9 42 7 59 60 25 71 8 40 40 35 50 89 43 37 3 35 2 38 69 13 51 32 12 10 73 20 86 2 98 2 11 92 9 22 4 86 45 65 26 37 0 28 78 95 17 33 30 20 72 
99 85 23 83 97 33 8 69 71 10 20 73 74 64 34 48 21 20 94 86 98 83 38 79 62 33 96 95 15 68 19 66 5 95 49 54 28 57 76 52 20 48 25 46 12 60 94 33 32 40 71 83 24 9 62 86 94 10 33 9 31 53 75 36 48 24 91 28 34 19 80 54 67 6 0 79 18 46 65 50 87 36 33 11 98 47 49 92 10 82 2 41 87 29 29 35 54 72 16 40 
91 96 94 58 54 46 90 72 92 55 75 31 43 60 42 93 60 43 86 70 26 40 63 65 69 92 1 75 65 69 15 56 65 61 15 72 59 5 96 4 12 71 35 7 84 30 1 44 73 87 66 51 79 29 17 48 21 70 24 86 39 91 95 56 53 10 80 12 67 77 16 31 0 52 38 36 82 39 80 7 78 46 11 57 27 28 58 49 50 34 87 41 25 34 49 78 96 30 43 63 
59 59 46 11 63 85 48 97 76 80 5 7 79 16 16 6 96 74 7 98 60 47 39 86 81 40 16 78 22 59 93 81 19 40 45 82 77 93 80 5 25 37 12 4 5 29 63 53 55 70 51 16 69 42 54 3 82 70 81 57 82 26 38 1 18 35 35 95 80 67 1 6 56 65 62 13 46 25 66 2 48 69 70 69 11 76 72 46 98 53 55 80 32 93 33 50 81 21 46 61 
88 99 19 97 16 82 10 63 59 77 17 7 46 39 77 10 15 49 8 65 55 63 46 87 8 79 89 89 0 87 3 41 86 22 38 3 4 48 18 64 77 35 23 76 74 52 38 41 54 46 6 9 61 52 48 21 84 37 63 36 25 66 29 63 40 67 18 97 68 36 13 97 23 36 73 97 41 63 38 95 61 45 4 22 49 4 96 85 93 59 22 70 77 51 86 17 71 4 14 91 
93 79 88 16 16 14 66 9 77 4 4 39 1 8 13 3 64 9 88 57 68 10 28 97 14 66 15 85 70 81 76 15 61 16 84 29 30 50 38 60 6 42 99 8 2 64 11 66 74 51 75 94 14 55 92 28 21 59 65 44 40 93 59 1 9 43 30 92 93 20 52 0 62 3 60 64 67 23 82 93 74 58 40 40 65 84 68 87 43 85 31 35 78 42 37 88 86 19 32 31 
40 84 83 54 39 95 71 6 18 53 52 45 63 44 85 29 28 6 68 71 91 51 6 22 93 95 62 31 67 94 63 59 30 98 13 69 94 84 27 64 90 79 61 5 75 47 34 3 5 54 26 48 5 85 70 99 32 32 30 99 78 45 58 8 96 24 29 42 60 57 6 50 88 68 56 64 67 42 67 24 97 46 72 54 31 95 53 63 79 36 15 58 33 25 18 29 49 48 71 10 
5 30 12 45 50 68 9 17 63 29 93 12 75 17 66 58 12 72 73 92 60 88 2 93 66 20 75 15 20 46 77 77 76 90 23 78 10 32 95 73 13 40 85 40 58 4 98 70 28 24 14 88 64 68 81 30 41 8 46 61 55 23 39 83 65 62 62 76 46 9 49 60 2 87 0 60 43 51 82 71 27 49 59 91 17 92 22 58 1 20 72 8 95 63 43 61 77 5 37 23 
67 38 35 69 25 88 81 68 91 63 91 18 12 50 61 82 95 83 92 96 55 64 56 3 79 99 16 56 57 53 32 76 43 19 45 69 7 78 89 50 41 81 68 6 83 30 88 30 65 32 78 73 49 34 76 28 34 92 37 43 97 69 19 40 88 16 61 48 94 3 98 87 36 19 93 71 1 33 2 66 66 80 91 15 15 67 95 1 11 32 44 60 1 15 53 42 31 14 90 25 
69 40 12 57 59 58 29 12 91 31 79 9 11 22 24 78 42 20 31 53 52 75 66 6 42 19 48 73 85 90 98 55 82 63 12 94 21 93 6 64 24 37 74 88 60 98 18 2 70 50 7 75 77 73 81 20 92 81 93 78 71 44 85 53 7 97 47 80 91 6 44 67 43 18 7 3 69 26 5 39 76 13 66 5 86 47 25 31 28 71 9 51 15 94 5 74 43 4 6 86 
10 2 54 6 21 13 9 42 39 67 33 67 32 0 73 70 99 50 1 28 21 10 79 88 56 36 14 0 93 20 86 55 23 92 61 96 6 23 90 97 90 23 65 22 75 90 44 75 92 46 3 66 8 34 54 65 23 21 17 16 93 3 71 16 48 85 64 6 8 6 3 98 30 20 72 57 62 16 32 55 14 87 21 23 74 27 88 97 48 5 13 42 60 36 10 60 21 27 66 29 
33 70 79 15 42 3 73 5 72 57 12 86 45 33 9 19 60 49 68 61 6 33 3 19 21 65 79 43 92 98 24 26 68 56 41 62 59 66 67 31 24 79 18 21 64 79 92 77 81 60 38 87 93 93 58 14 58 38 9 3 36 86 81 56 42 74 18 1 41 38 85 65 69 55 38 86 86 30 63 67 90 53 7 35 46 65 1 56 3 63 11 91 49 92 99 43 67 70 96 8 
60 81 25 29 88 63 15 75 93 30 42 35 83 49 22 81 15 75 90 70 38 1 14 39 94 13 82 13 35 79 21 95 12 98 77 1 61 44 76 6 75 70 93 10 20 15 92 87 90 34 57 29 35 23 20 81 37 3 94 24 34 67 20 46 65 97 99 78 41 75 36 68 46 29 79 18 44 23 5 87 57 14 68 44 38 88 26 27 43 72 51 77 40 23 76 57 20 75 88 14 
51 24 82 49 54 13 19 50 36 24 37 45 38 5 90 28 94 68 7 37 40 59 67 32 82 43 90 55 18 78 69 21 54 3 22 8 69 41 59 5 17 48 3 8 54 93 36 0 13 44 89 53 55 8 38 37 51 80 44 22 58 65 95 12 69 18 73 38 11 84 95 29 32 50 37 38 95 25 90 8 69 32 14 24 40 52 14 44 32 10 18 42 76 13 6 45 83 79 35 95 
15 82 76 0 33 13 38 28 38 81 89 60 65 3 36 5 7 2 1 91 13 19 85 89 85 91 86 68 23 73 63 38 55 39 38 40 4 29 21 95 62 10 55 27 65 91 84 24 94 38 15 7 57 0 96 42 43 34 11 66 7 26 57 62 18 47 55 74 28 76 69 90 38 24 69 55 68 6 31 14 44 46 21 53 98 69 96 41 55 59 60 62 37 69 76 7 16 31 82 45 
59 51 87 49 28 9 4 48 15 35 62 11 33 35 64 83 4 12 77 59 23 89 73 13 58 49 20 74 81 54 71 92 6 11 42 86 72 98 34 39 86 48 50 71 83 66 55 39 79 84 50 54 73 23 67 83 72 88 57 5 42 81 50 0 44 92 38 16 42 24 55 80 72 57 52 55 23 59 94 54 43 96 9 68 19 76 51 44 64 60 1 59 93 51 11 37 95 50 5 38 
74 60 18 47 17 22 54 93 81 1 47 76 97 56 96 17 33 47 13 49 60 14 60 53 66 72 43 61 22 48 51 48 61 70 95 78 92 2 71 26 3 19 54 52 27 51 21 60 50 34 62 62 49 22 16 67 94 11 28 16 59 80 65 20 2 12 51 46 66 74 72 21 45 79 74 73 30 95 33 32 30 47 95 31 70 11 98 64 74 26 33 85 58 50 6 60 14 9 59 81 
83 31 2 29 10 28 2 92 24 87 25 54 87 20 37 57 83 35 73 57 61 6 94 72 8 52 32 23 61 91 56 97 75 10 78 37 39 32 82 63 19 7 69 6 79 6 15 62 41 89 71 54 47 65 26 56 18 11 31 31 54 39 28 29 49 6 19 88 38 1 3 10 60 72 68 39 30 36 53 23 25 76 78 24 93 56 32 63 67 63 95 22 2 75 3 52 82 74 92 72 
27 96 34 87 20 3 78 51 39 83 74 16 59 4 40 5 61 73 68 80 88 63 2 43 39 58 95 73 84 39 45 12 35 32 51 8 35 82 59 26 65 85 94 77 42 86 82 3 59 50 83 0 66 38 43 5 48 90 30 32 29 27 96 17 59 0 25 46 82 36 24 99 73 18 76 15 5 10 18 16 13 54 16 79 44 59 36 92 1 66 76 31 93 73 48 5 25 25 51 7 
61 76 58 86 46 87 2 51 97 72 20 10 26 88 41 70 0 77 14 1 95 91 32 41 16 32 46 93 57 49 0 70 77 58 57 24 97 11 27 95 83 47 57 62 36 51 32 88 28 99 89 76 42 22 17 10 6 15 3 64 16 55 86 94 65 95 18 63 6 97 58 90 97 67 52 85 18 36 73 99 87 62 75 29 84 44 39 91 11 42 7 27 49 45 21 15 41 91 78 99 
41 36 89 38 55 93 23 74 82 96 73 69 58 0 99 95 96 90 38 7 85 97 86 34 42 60 49 35 3 27 35 44 15 76 82 23 22 5 97 4 53 22 25 64 74 76 59 70 19 49 29 4 98 15 90 92 75 40 28 31 19 15 75 87 91 58 10 65 15 59 69 69 33 47 33 7 23 44 29 94 45 58 98 43 25 89 35 53 81 15 84 52 30 59 39 74 69 1 39 85 
12 61 6 45 8 91 4 83 87 85 78 32 43 28 27 69 17 14 74 50 30 58 3 12 17 94 86 87 96 78 24 60 39 30 6 47 21 62 82 60 48 12 44 43 41 71 64 10 37 38 61 19 96 16 32 66 10 70 53 58 48 29 19 87 59 77 86 32 91 21 92 39 33 36 35 26 59 99 37 96 38 50 16 86 66 0 52 28 70 57 39 71 38 58 58 97 87 97 81 78 
18 25 70 51 13 5 30 72 4 67 21 94 69 89 33 87 89 37 15 11 47 6 82 85 64 41 83 3 38 16 34 8 42 4 11 55 61 41 80 17 8 1 64 29 90 97 16 79 34 32 42 81 90 25 19 55 66 2 10 56 70 44 16 12 0 27 20 61 69 0 31 29 53 95 11 43 92 27 74 78 11 16 12 2 41 31 9 59 85 19 67 55 16 35 20 68 63 40 82 84 
92 13 65 45 8 76 40 52 56 66 82 67 82 94 69 76 77 78 87 14 50 7 22 18 42 42 86 57 34 68 93 78 81 11 23 41 39 15 93 95 81 28 63 15 22 84 43 52 15 31 66 17 90 40 35 84 82 21 94 68 42 87 46 23 50 21 65 90 88 10 37 69 38 52 85 13 37 28 17 52 11 35 21 53 76 56 38 10 29 84 79 71 71 77 95 74 51 12 16 39 
74 53 61 13 6 98 78 43 26 95 47 90 82 68 95 58 76 33 69 5 69 0 77 93 29 24 67 32 36 83 72 10 36 33 75 94 31 5 89 9 0 88 51 83 56 47 93 84 32 14 90 2 14 67 95 96 91 14 28 79 97 52 41 85 85 69 80 68 74 21 30 27 10 33 62 18 32 55 3 65 22 93 19 36 12 66 84 55 80 13 86 29 65 27 66 3 48 98 23 23 
20 5 2 30 39 64 48 71 71 51 88 93 96 59 82 60 25 18 67 57 31 53 38 49 33 5 52 81 55 27 56 75 33 58 5 72 74 6 95 98 9 84 43 6 43 25 18 21 44 86 30 27 91 69 76 24 26 80 58 81 8 14 57 41 25 14 65 99 20 60 97 30 96 41 88 92 18 6 13 14 44 43 94 36 64 70 60 90 3 18 24 63 85 33 4 10 47 21 61 68 
81 11 50 30 4 90 22 22 96 35 89 93 30 83 29 95 5 41 37 8 60 13 71 97 46 27 59 94 48 20 14 82 31 64 12 35 6 34 10 2 21 99 95 3 82 76 98 39 18 88 48 30 1 71 27 48 99 86 94 99 6 8 33 90 24 97 77 30 83 87 84 4 86 32 8 20 8 58 60 26 98 60 56 0 83 35 0 34 21 94 34 80 2 19 22 78 17 99 8 0 
87 44 57 25 76 65 98 85 75 10 11 74 22 20 26 5 55 26 40 29 20 26 9 74 45 83 4 62 82 12 15 21 56 72 47 85 37 97 70 64 59 33 38 81 53 64 38 61 90 78 90 62 4 99 88 2 34 92 64 16 56 31 38 65 3 37 50 92 86 20 57 45 53 95 78 59 12 16 20 54 95 10 69 51 61 57 53 95 2 70 63 58 1 1 75 57 90 25 49 76 
97 58 73 3 54 51 14 18 68 34 72 15 96 41 66 9 51 72 4 5 94 67 15 47 21 91 4 63 68 6 40 66 64 13 21 70 65 35 88 85 69 13 0 65 6 18 74 9 42 30 14 36 49 30 36 22 21 40 86 89 98 26 7 63 91 28 33 8 63 74 93 84 87 45 1 45 64 27 55 6 57 69 95 59 51 31 81 24 23 19 66 22 97 73 37 89 54 22 97 69 
96 43 54 35 40 55 81 4 83 88 63 92 9 58 3 61 89 37 85 64 56 51 86 54 77 23 95 31 46 44 0 94 87 6 82 28 14 15 84 49 3 47 41 12 57 97 25 98 34 11 63 42 14 1 48 43 25 43 26 23 88 79 69 27 85 51 7 99 66 92 48 21 91 42 86 49 91 11 99 77 74 62 19 89 16 68 84 93 11 11 16 51 90 37 79 27 89 86 27 7 
78 27 29 22 21 15 23 12 26 22 89 53 37 61 94 53 29 78 46 92 89 14 44 31 51 23 59 92 61 38 52 92 17 81 14 39 48 37 51 26 11 93 79 0 54 73 5 35 52 51 27 93 17 23 77 21 98 36 65 60 26 17 52 43 50 18 34 98 7 86 25 70 31 4 71 37 78 76 72 82 80 51 27 49 75 4 70 73 40 88 85 18 5 89 62 56 7 96 54 66 
34 31 37 17 36 8 54 66 36 26 0 16 78 27 66 53 32 88 78 24 76 64 43 34 53 5 90 13 53 96 31 40 80 68 57 68 28 12 34 65 38 86 33 68 13 51 21 97 92 52 22 68 68 65 54 73 22 96 86 27 93 18 67 25 38 25 93 67 89 79 84 79 65 69 48 30 21 21 28 13 73 50 33 41 67 88 15 41 36 53 68 81 23 36 6 62 13 99 81 2 
30 65 33 95 86 81 78 7 3 6 72 28 8 58 22 75 98 37 16 34 42 36 16 66 72 74 80 37 74 61 91 4 78 25 52 64 58 30 24 61 88 96 42 96 6 64 23 56 53 91 91 95 27 59 13 52 33 93 89 59 54 33 16 32 58 68 49 68 50 73 82 38 21 24 86 28 88 9 84 93 0 27 88 79 38 54 31 72 47 73 83 54 6 99 38 16 19 87 84 21 
60 66 59 82 42 45 62 30 6 46 75 58 26 64 38 64 18 21 88 17 94 24 23 52 75 62 20 95 1 57 16 62 75 28 96 18 25 10 0 32 8 76 90 34 92 80 51 62 2 39 31 48 63 55 1 39 17 73 86 18 30 54 32 58 34 80 76 60 90 28 44 99 56 86 85 0 67 36 62 69 28 94 17 43 49 70 82 18 44 20 88 26 27 73 84 61 53 12 73 96 
93 17 47 49 56 32 50 23 69 64 44 97 10 13 92 11 36 27 29 80 47 70 58 26 43 95 40 48 7 13 96 52 83 43 54 39 76 4 62 97 20 58 46 31 71 38 42 7 65 24 39 65 46 50 91 89 45 31 89 4 97 86 57 80 29 11 71 57 67 85 6 87 43 4 70 66 95 65 74 60 41 65 77 87 15 21 76 60 52 17 65 1 3 74 81 85 85 4 94 4 
89 53 43 32 57 14 99 52 31 25 65 72 90 42 59 6 63 87 18 68 4 35 69 60 61 3 97 46 7 91 2 97 96 46 81 54 12 32 6 43 57 23 67 48 66 26 6 81 65 76 49 69 64 71 81 25 26 78 24 33 22 26 82 18 24 16 24 36 48 83 31 6 6 98 6 72 76 64 6 41 92 55 63 56 78 44 82 4 75 6 90 49 84 24 19 9 40 44 45 89 
27 29 47 33 27 53 58 4 69 64 97 61 71 60 70 50 57 52 6 32 10 96 81 46 21 0 55 61 96 53 2 23 82 49 9 61 54 19 17 23 83 15 37 6 75 7 8 84 59 15 16 21 63 49 67 36 2 75 50 98 28 52 74 62 54 35 23 8 54 41 32 37 8 21 95 35 28 4 20 39 19 36 12 34 38 79 71 92 54 21 42 34 73 16 96 27 3 72 88 57 
65 72 46 73 93 42 60 21 46 80 12 17 69 24 51 7 55 22 51 62 43 93 96 69 62 45 48 65 17 88 23 34 60 21 59 53 63 19 26 9 0 90 78 21 14 30 80 70 52 31 84 48 24 80 69 38 77 69 4 94 58 79 80 70 0 39 76 64 11 2 25 63 45 4 84 59 34 64 81 38 95 65 38 71 98 59 10 75 81 66 22 39 45 2 9 97 94 85 61 57 
40 39 20 37 95 4 96 29 68 30 19 15 47 10 38 97 21 0 73 2 66 47 93 63 1 55 61 47 92 74 4 84 65 24 21 60 28 70 41 48 52 13 15 99 75 6 49 96 6 74 99 25 21 44 40 22 99 53 70 92 80 26 76 45 51 50 58 31 20 99 32 72 12 99 71 87 5 72 36 64 46 87 41 67 31 81 42 31 35 64 75 15 90 3 12 93 53 70 25 73 
22 9 45 34 8 69 74 66 41 10 82 40 97 23 7 80 4 49 11 91 65 38 58 56 94 23 49 47 93 26 73 15 87 70 2 96 39 28 14 33 38 96 73 87 19 32 67 75 34 31 67 99 21 77 7 15 0 9 63 94 87 88 61 75 58 15 23 50 43 89 35 33 85 60 20 56 92 40 31 78 71 50 30 92 28 37 8 28 98 23 74 86 11 36 13 21 51 36 71 47 
