50
18 37 22 34 35 36 38 16 35 5 47 44 24 27 3 32 8 49 27 18 24 37 39 48 13 20 8 25 40 28 40 10 15 12 47 2 1 35 19 36 42 18 31 17 45 34 49 6 35 28 
24 12 15 14 10 31 36 20 8 28 48 49 39 15 13 36 18 14 23 39 3 16 7 34 33 4 20 34 12 8 12 39 20 29 5 32 10 41 3 19 19 3 20 10 21 33 48 41 0 22 
30 3 38 39 39 23 45 11 9 10 19 23 49 39 2 4 24 15 47 27 34 18 32 6 29 3 39 29 44 41 1 26 44 41 17 33 16 15 45 25 25 16 0 26 8 3 30 32 20 29 
11 4 47 43 10 28 49 1 8 45 43 9 24 39 3 43 23 19 8 20 47 35 36 47 11 46 2 41 28 22 22 39 28 20 35 40 0 34 42 8 31 37 20 7 26 23 1 1 44 9 
21 43 45 10 43 6 6 45 0 37 20 24 26 48 44 13 41 47 49 35 5 31 22 27 38 48 0 39 2 47 1 25 40 48 37 35 6 46 31 8 33 3 33 11 3 29 25 44 26 24 
29 32 5 1 9 46 2 12 37 4 11 40 31 3 38 19 39 47 15 22 5 48 25 38 9 28 20 34 25 46 9 4 30 16 8 42 14 12 6 2 18 17 44 49 20 33 18 11 32 35 
33 37 33 8 28 45 39 48 31 14 46 42 20 27 11 30 21 25 42 27 29 12 44 24 12 16 9 32 28 41 18 11 30 3 22 8 48 13 8 30 29 7 24 49 34 35 32 5 11 26 
34 40 39 28 14 1 46 25 35 24 16 3 38 47 7 10 7 7 23 18 39 2 25 14 3 9 49 35 16 10 12 2 3 3 30 19 4 26 45 41 3 13 47 41 10 4 1 20 13 26 
38 3 30 13 19 35 24 18 21 42 31 35 44 34 38 26 5 44 4 2 37 7 16 34 48 28 40 1 48 4 29 38 9 9 1 28 45 25 48 18 19 29 5 13 15 45 39 21 41 44 
23 28 1 39 15 2 20 5 5 18 11 35 9 20 46 10 0 43 38 49 11 7 28 18 21 46 15 12 17 6 6 42 37 10 34 2 14 4 9 19 24 21 6 33 43 3 46 44 46 34 
45 10 43 25 28 16 21 44 29 38 2 37 33 41 49 17 45 13 21 5 33 47 26 39 31 21 44 29 17 41 13 12 1 8 38 31 25 9 27 4 0 32 43 33 23 43 0 21 6 23 
26 41 20 4 31 3 25 27 32 43 18 47 7 21 6 45 5 33 5 32 37 5 16 32 40 42 25 40 13 32 15 39 25 35 45 8 41 20 36 25 15 4 25 23 28 31 20 33 14 25 
17 3 32 34 35 22 26 13 14 41 47 29 30 22 17 25 31 8 47 17 35 15 23 10 38 1 43 8 34 9 36 4 12 20 38 0 45 16 15 9 7 12 39 39 34 8 16 15 16 15 
34 1 30 8 14 20 9 7 31 46 17 17 0 31 37 40 33 34 8 48 44 17 10 35 8 47 43 24 14 11 39 49 12 22 7 28 42 18 36 23 14 5 42 16 38 32 8 22 16 18 
22 10 35 35 45 45 32 38 19 46 49 11 47 14 33 4 44 25 23 32 1 39 37 43 8 26 25 16 0 42 35 24 2 22 9 0 18 43 40 39 40 42 0 39 8 35 44 2 13 19 
35 14 8 24 9 16 0 35 35 2 27 20 27 31 44 36 33 12 32 24 2 22 16 4 13 26 42 7 28 5 28 15 21 39 40 30 7 42 17 42 45 46 14 24 30 9 12 13 21 44 
37 25 18 5 30 32 33 24 39 12 29 20 27 2 9 17 34 16 10 2 9 7 48 23 31 28 34 43 44 6 38 33 33 6 41 15 38 24 39 30 36 18 0 16 22 9 35 7 25 45 
9 36 4 9 10 35 40 44 29 34 2 19 17 36 25 8 1 16 33 43 46 21 13 48 37 36 7 23 43 34 20 4 21 25 13 31 12 3 27 43 39 32 12 7 18 40 17 21 6 2 
14 2 24 28 0 13 16 9 38 9 43 11 13 14 38 28 47 0 34 27 44 23 9 8 32 27 48 0 0 4 2 17 8 28 47 10 44 13 19 32 24 15 45 37 31 33 17 29 34 1 
6 30 27 15 38 9 44 37 9 46 41 14 13 2 44 10 12 38 25 34 23 49 1 18 38 32 2 6 13 38 9 21 18 36 36 8 46 32 45 7 29 39 23 42 43 18 5 7 8 32 
41 31 32 44 0 20 29 4 28 42 42 38 14 12 24 2 22 22 35 18 30 14 9 3 8 2 23 15 9 32 48 3 13 32 49 15 2 28 19 31 21 13 21 37 27 45 39 0 18 24 
20 0 40 29 3 1 33 27 18 44 11 18 47 24 0 47 40 3 25 11 36 48 25 9 35 4 4 25 4 24 1 26 26 44 5 32 45 40 11 15 35 22 34 32 46 34 31 38 39 9 
0 25 9 27 36 45 33 41 22 38 17 25 16 46 19 24 28 16 14 39 32 49 11 18 34 9 2 17 48 42 28 0 19 38 29 6 35 12 49 9 0 18 34 19 14 6 43 44 22 7 
35 6 9 46 24 45 8 29 12 8 23 41 8 44 31 37 2 18 49 1 27 2 22 11 21 38 17 16 35 42 23 20 0 34 19 27 29 27 6 44 35 31 37 45 25 18 32 28 36 33 
31 13 37 5 26 8 44 46 24 31 40 0 1 40 36 20 17 16 47 23 10 34 4 47 29 32 17 13 10 3 47 43 18 34 49 46 45 45 44 21 26 34 23 27 25 10 48 42 28 47 
18 38 32 24 37 13 6 4 27 18 9 26 12 29 12 11 25 7 8 20 31 34 4 6 13 31 16 13 24 44 11 42 34 45 18 21 8 25 27 37 43 36 13 7 17 26 18 43 35 28 
15 18 12 21 25 26 3 43 41 27 40 2 21 24 49 41 48 8 16 27 45 12 16 11 19 33 37 40 28 24 18 43 43 33 17 18 11 20 13 2 49 3 7 22 30 6 13 30 14 32 
7 12 44 23 25 15 9 12 5 37 38 26 33 31 9 0 1 20 20 15 24 21 20 31 43 0 38 6 30 4 38 40 18 34 15 43 0 24 7 7 12 46 33 45 29 44 47 31 16 17 
48 41 40 20 24 33 23 12 41 5 19 32 45 37 18 11 31 18 35 38 28 49 36 13 46 16 10 43 49 26 12 49 19 2 19 44 35 42 8 29 48 27 11 45 15 29 6 48 0 44 
38 30 43 25 43 40 43 3 35 42 32 48 43 1 2 12 47 40 7 6 19 7 33 32 2 0 13 11 0 13 5 41 43 0 16 39 42 11 44 28 5 26 28 48 28 30 10 27 20 19 
33 41 26 19 23 31 21 37 42 22 2 47 15 48 47 33 39 40 44 33 18 49 10 48 47 40 28 9 17 1 31 1 42 7 22 16 38 43 5 30 17 9 29 32 7 27 15 46 19 11 
30 37 10 42 37 9 32 15 21 49 16 2 2 9 11 26 27 0 22 32 32 39 41 12 24 1 41 41 49 10 5 31 49 17 23 36 27 5 1 0 7 20 4 11 29 15 38 8 17 10 
40 0 1 33 14 27 36 5 21 36 15 26 17 16 43 41 2 22 48 5 22 7 25 26 19 6 44 9 14 11 19 6 11 22 42 27 0 28 32 21 14 49 47 32 15 42 25 19 15 25 
25 39 33 0 18 4 9 12 13 25 23 34 32 37 6 26 16 6 4 49 29 21 0 28 3 18 21 30 37 38 5 14 27 38 17 47 42 26 9 7 1 35 41 35 24 48 11 40 6 18 
41 36 39 44 16 44 12 37 24 1 25 31 16 5 22 33 2 14 9 14 24 12 1 15 48 25 15 11 17 22 31 9 10 20 3 28 16 15 16 42 16 43 24 34 48 46 17 3 12 26 
19 36 41 20 4 41 45 19 2 12 43 36 23 5 6 26 34 25 43 2 17 12 45 41 46 46 37 14 1 2 42 20 38 33 40 42 24 37 14 29 49 7 17 25 15 23 3 49 48 49 
3 18 11 48 9 9 46 49 25 47 1 20 17 41 5 9 36 32 46 0 13 48 9 30 23 24 3 28 25 4 27 28 22 38 29 33 0 25 32 27 25 35 47 44 27 3 4 13 35 2 
13 48 0 24 28 25 49 33 6 26 39 33 7 13 24 36 49 24 13 31 1 38 19 1 35 46 4 41 9 41 43 24 41 46 0 21 23 1 4 29 28 46 13 35 11 39 23 10 13 36 
42 16 27 13 19 14 9 25 5 20 16 0 46 7 48 46 30 24 48 35 3 28 33 18 15 44 7 38 5 22 26 49 41 3 12 10 19 23 36 24 43 4 27 39 14 25 37 44 49 35 
31 5 15 14 25 30 11 35 18 16 9 45 17 0 0 29 13 20 2 1 46 47 7 25 38 21 1 25 16 2 13 49 9 28 14 37 9 27 22 27 43 31 24 10 34 27 41 49 49 45 
2 45 42 9 21 30 31 24 5 49 28 20 48 40 49 14 27 8 41 1 37 36 32 14 46 18 41 39 19 40 34 21 37 26 31 10 8 14 36 16 13 15 36 11 7 35 28 34 45 19 
35 35 6 19 49 4 40 42 44 9 32 30 31 21 9 14 32 17 28 18 33 41 35 20 4 44 7 32 30 3 4 15 40 10 37 39 16 27 33 10 38 17 43 21 38 2 35 22 19 15 
43 3 6 28 25 13 25 32 45 5 37 1 23 27 11 10 18 28 39 1 40 29 18 33 1 9 35 38 31 7 4 24 12 12 5 37 25 30 21 23 35 11 24 10 38 38 20 9 16 11 
10 8 43 31 44 44 40 31 34 23 38 38 48 0 1 3 39 28 35 13 1 22 24 26 33 12 14 5 23 32 19 34 42 12 17 38 8 9 20 42 34 10 33 32 13 34 37 2 14 24 
15 16 47 39 44 32 4 10 37 27 44 6 13 38 20 32 27 28 43 47 21 28 7 4 10 20 40 0 25 4 24 42 22 23 34 18 5 38 28 45 17 24 1 31 13 22 15 40 2 9 
39 23 37 48 29 47 21 19 49 46 26 24 40 0 49 24 19 5 12 49 0 32 24 3 13 39 27 28 31 30 37 20 5 26 18 35 26 41 6 25 37 34 1 30 37 1 4 6 8 19 
7 8 1 31 13 16 22 43 46 3 23 36 23 30 12 44 17 38 35 26 16 25 10 17 5 49 20 11 5 28 30 15 38 33 46 2 49 21 45 46 24 20 32 48 2 46 44 20 35 29 
46 1 6 8 20 13 8 41 25 15 19 5 30 10 41 29 14 40 0 11 38 24 31 20 24 35 19 20 5 4 0 3 7 8 14 29 22 24 20 49 41 42 4 22 2 45 3 16 38 5 
27 26 31 10 49 6 47 18 28 3 24 30 8 33 39 22 12 13 46 33 12 38 27 18 12 29 16 17 47 4 22 26 30 3 38 31 11 35 49 40 40 25 20 49 8 11 21 21 24 20 
6 36 10 33 5 24 14 21 41 13 27 13 41 9 18 29 41 30 16 40 22 7 18 44 6 26 6 29 49 32 1 5 19 11 40 26 35 6 49 26 21 26 41 12 35 10 41 26 42 10 
